# BRON: KONINKLIJK NEDERLANDS METEOROLOGISCH INSTITUUT (KNMI)
# Opmerking: door stationsverplaatsingen en veranderingen in waarneemmethodieken zijn deze tijdreeksen van dagwaarden mogelijk inhomogeen! Dat betekent dat deze reeks van gemeten waarden niet geschikt is voor trendanalyse. Voor studies naar klimaatverandering verwijzen we naar de gehomogeniseerde reeks maandtemperaturen van De Bilt <http://www.knmi.nl/kennis-en-datacentrum/achtergrond/gehomogeniseerde-reeks-maandtemperaturen-de-bilt> of de Centraal Nederland Temperatuur <http://www.knmi.nl/kennis-en-datacentrum/achtergrond/centraal-nederland-temperatuur-cnt>.
# 
# 
# STN      LON(east)   LAT(north)     ALT(m)  NAME
# 260:         5.180       52.100       1.90  DE BILT
# 277:         6.200       53.413       2.90  LAUWERSOOG
# 380:         5.762       50.906     114.30  MAASTRICHT
# 
# YYYYMMDD = Datum (YYYY=jaar MM=maand DD=dag); 
# TG       = Etmaalgemiddelde temperatuur (in 0.1 graden Celsius); 
# TN       = Minimum temperatuur (in 0.1 graden Celsius); 
# TX       = Maximum temperatuur (in 0.1 graden Celsius); 
# 
# STN,YYYYMMDD,   TG,   TN,   TX
# 
  260,20160101,   41,   -2,   75
  260,20160102,   54,   46,   63
  260,20160103,   69,   52,   82
  260,20160104,   57,   38,   70
  260,20160105,   68,   47,   77
  260,20160106,   26,   16,   47
  260,20160107,   61,   35,   79
  260,20160108,   54,   14,   83
  260,20160109,   56,   10,   79
  260,20160110,   69,   50,   90
  260,20160111,   48,   21,   67
  260,20160112,   58,   47,   72
  260,20160113,   50,   24,   70
  260,20160114,   35,   16,   53
  260,20160115,   24,  -12,   40
  260,20160116,   27,  -16,   56
  260,20160117,  -10,  -56,   30
  260,20160118,  -33,  -67,    0
  260,20160119,  -25,  -80,    7
  260,20160120,   12,  -37,   53
  260,20160121,  -12,  -43,   15
  260,20160122,    9,  -22,   57
  260,20160123,   66,   28,   90
  260,20160124,   77,   50,  104
  260,20160125,  107,   74,  146
  260,20160126,   92,   66,  111
  260,20160127,  109,   86,  124
  260,20160128,   67,   49,   90
  260,20160129,   85,   53,  100
  260,20160130,   74,   51,   99
  260,20160131,   68,   36,  108
  260,20160201,  115,  106,  119
  260,20160202,   89,   65,  114
  260,20160203,   50,   31,   70
  260,20160204,   51,   29,   77
  260,20160205,   87,   50,  109
  260,20160206,   94,   83,  106
  260,20160207,   85,   66,  111
  260,20160208,   85,   70,   99
  260,20160209,   53,   33,   82
  260,20160210,   48,   18,   83
  260,20160211,   38,  -16,   83
  260,20160212,   27,  -17,   66
  260,20160213,   18,  -20,   44
  260,20160214,   14,    5,   26
  260,20160215,   23,  -31,   56
  260,20160216,   -3,  -50,   61
  260,20160217,  -13,  -52,   35
  260,20160218,   13,  -23,   31
  260,20160219,   39,   12,   83
  260,20160220,   82,   50,  111
  260,20160221,  104,   86,  116
  260,20160222,   68,   44,  113
  260,20160223,   43,    8,   79
  260,20160224,   23,  -14,   65
  260,20160225,   18,  -10,   54
  260,20160226,   21,   -7,   55
  260,20160227,   22,  -16,   63
  260,20160228,   22,  -17,   66
  260,20160229,   13,  -43,   67
  260,20160301,   20,  -54,   86
  260,20160302,   53,   27,   90
  260,20160303,   39,   -4,   84
  260,20160304,   10,  -25,   32
  260,20160305,    5,  -45,   64
  260,20160306,   30,    7,   73
  260,20160307,   25,   -8,   78
  260,20160308,   36,  -22,   83
  260,20160309,   44,   14,   81
  260,20160310,   41,  -12,   92
  260,20160311,   32,  -15,   85
  260,20160312,   31,  -27,  101
  260,20160313,   39,  -16,   99
  260,20160314,   41,  -20,  104
  260,20160315,   46,   -6,   83
  260,20160316,   44,   -2,   90
  260,20160317,   57,    0,  120
  260,20160318,   52,   24,   68
  260,20160319,   62,   51,   75
  260,20160320,   68,   42,   96
  260,20160321,   72,   58,   93
  260,20160322,   76,   46,  101
  260,20160323,   76,   62,  101
  260,20160324,   79,   66,   99
  260,20160325,   65,    0,   96
  260,20160326,   95,    6,  149
  260,20160327,   91,   55,  133
  260,20160328,   97,   75,  129
  260,20160329,   78,   55,  112
  260,20160330,   81,   43,  117
  260,20160331,   76,   31,  116
  260,20160401,   72,   12,  130
  260,20160402,  101,   37,  134
  260,20160403,  152,  121,  204
  260,20160404,  124,   75,  158
  260,20160405,  106,   80,  133
  260,20160406,   89,   68,  117
  260,20160407,   73,   53,  104
  260,20160408,   67,   16,  115
  260,20160409,   92,   10,  149
  260,20160410,  107,   52,  157
  260,20160411,  132,   73,  182
  260,20160412,  116,   50,  167
  260,20160413,   90,   36,  158
  260,20160414,  106,   29,  167
  260,20160415,  103,   89,  141
  260,20160416,   86,   54,  118
  260,20160417,   62,   10,  106
  260,20160418,   81,   -1,  130
  260,20160419,   97,   40,  136
  260,20160420,   86,   30,  138
  260,20160421,  101,   27,  166
  260,20160422,   87,   57,  125
  260,20160423,   62,   30,   93
  260,20160424,   46,   21,   88
  260,20160425,   49,   17,   80
  260,20160426,   48,   13,   77
  260,20160427,   60,   32,  107
  260,20160428,   58,    7,   93
  260,20160429,   74,   46,  106
  260,20160430,   77,   28,  112
  260,20160501,   79,   -1,  141
  260,20160502,  115,   16,  179
  260,20160503,   97,   30,  140
  260,20160504,   95,   17,  160
  260,20160505,  128,   29,  188
  260,20160506,  164,   81,  236
  260,20160507,  195,   94,  258
  260,20160508,  201,  127,  252
  260,20160509,  202,  142,  253
  260,20160510,  189,  154,  221
  260,20160511,  204,  141,  255
  260,20160512,  202,  144,  251
  260,20160513,  154,   97,  222
  260,20160514,   89,   64,  121
  260,20160515,   86,   53,  121
  260,20160516,   93,   40,  136
  260,20160517,  123,   50,  181
  260,20160518,  136,   83,  187
  260,20160519,  134,  104,  173
  260,20160520,  137,  107,  186
  260,20160521,  179,  107,  234
  260,20160522,  155,  129,  190
  260,20160523,  120,  105,  133
  260,20160524,  114,   98,  146
  260,20160525,  118,   77,  145
  260,20160526,  137,   56,  193
  260,20160527,  160,  106,  209
  260,20160528,  176,  112,  227
  260,20160529,  172,  140,  205
  260,20160530,  162,  153,  180
  260,20160531,  182,  131,  226
  260,20160601,  192,  154,  243
  260,20160602,  153,  137,  172
  260,20160603,  164,  137,  214
  260,20160604,  201,  141,  275
  260,20160605,  200,  137,  256
  260,20160606,  189,  117,  256
  260,20160607,  201,  153,  265
  260,20160608,  161,  127,  216
  260,20160609,  153,  110,  203
  260,20160610,  164,  108,  212
  260,20160611,  162,  120,  208
  260,20160612,  166,  135,  211
  260,20160613,  159,  146,  190
  260,20160614,  152,  111,  191
  260,20160615,  146,  113,  187
  260,20160616,  157,   92,  211
  260,20160617,  151,  111,  195
  260,20160618,  141,   99,  171
  260,20160619,  153,  121,  189
  260,20160620,  155,  141,  168
  260,20160621,  170,  134,  201
  260,20160622,  201,  147,  249
  260,20160623,  220,  182,  284
  260,20160624,  192,  133,  227
  260,20160625,  154,  109,  193
  260,20160626,  149,  121,  183
  260,20160627,  149,  109,  189
  260,20160628,  167,   92,  218
  260,20160629,  160,  132,  202
  260,20160630,  164,  144,  192
  260,20160701,  169,  143,  198
  260,20160702,  154,  120,  187
  260,20160703,  147,   99,  198
  260,20160704,  170,   86,  228
  260,20160705,  154,  115,  181
  260,20160706,  149,   94,  194
  260,20160707,  168,   83,  221
  260,20160708,  175,  151,  212
  260,20160709,  197,  146,  236
  260,20160710,  213,  159,  274
  260,20160711,  186,  162,  217
  260,20160712,  166,  125,  203
  260,20160713,  145,  111,  183
  260,20160714,  145,   87,  192
  260,20160715,  166,   91,  213
  260,20160716,  197,  169,  226
  260,20160717,  198,  145,  238
  260,20160718,  202,  132,  265
  260,20160719,  228,  120,  295
  260,20160720,  254,  188,  329
  260,20160721,  218,  164,  274
  260,20160722,  211,  168,  261
  260,20160723,  211,  176,  253
  260,20160724,  207,  155,  255
  260,20160725,  182,  126,  224
  260,20160726,  184,  114,  234
  260,20160727,  179,  160,  213
  260,20160728,  190,  154,  235
  260,20160729,  183,  154,  212
  260,20160730,  177,  160,  209
  260,20160731,  170,  129,  205
  260,20160801,  165,  131,  210
  260,20160802,  166,  136,  186
  260,20160803,  190,  164,  217
  260,20160804,  173,  150,  208
  260,20160805,  176,  129,  216
  260,20160806,  164,  105,  224
  260,20160807,  184,  105,  228
  260,20160808,  172,  125,  205
  260,20160809,  144,  103,  185
  260,20160810,  128,   69,  168
  260,20160811,  136,   67,  163
  260,20160812,  189,  163,  226
  260,20160813,  176,  143,  215
  260,20160814,  170,   96,  217
  260,20160815,  161,   82,  217
  260,20160816,  163,  114,  210
  260,20160817,  172,  100,  234
  260,20160818,  177,   97,  242
  260,20160819,  181,   98,  243
  260,20160820,  178,  148,  229
  260,20160821,  167,  147,  198
  260,20160822,  180,  142,  227
  260,20160823,  210,  140,  269
  260,20160824,  228,  170,  302
  260,20160825,  243,  172,  310
  260,20160826,  221,  176,  262
  260,20160827,  216,  161,  265
  260,20160828,  205,  177,  246
  260,20160829,  172,  100,  214
  260,20160830,  162,   85,  238
  260,20160831,  174,   86,  254
  260,20160901,  172,  102,  229
  260,20160902,  166,   97,  217
  260,20160903,  185,  144,  229
  260,20160904,  179,  157,  213
  260,20160905,  173,  115,  228
  260,20160906,  177,  113,  242
  260,20160907,  183,  114,  268
  260,20160908,  196,  116,  276
  260,20160909,  169,  117,  229
  260,20160910,  184,  113,  257
  260,20160911,  185,  148,  217
  260,20160912,  209,  150,  281
  260,20160913,  235,  152,  312
  260,20160914,  230,  153,  314
  260,20160915,  226,  165,  290
  260,20160916,  174,  155,  212
  260,20160917,  173,  137,  216
  260,20160918,  167,  142,  207
  260,20160919,  144,   95,  198
  260,20160920,  145,   79,  200
  260,20160921,  147,   83,  207
  260,20160922,  138,   69,  213
  260,20160923,  136,   73,  203
  260,20160924,  152,   83,  236
  260,20160925,  163,  121,  243
  260,20160926,  135,   76,  191
  260,20160927,  145,   56,  204
  260,20160928,  187,  162,  216
  260,20160929,  159,  138,  177
  260,20160930,  145,  108,  187
  260,20161001,  135,   99,  176
  260,20161002,  121,   88,  157
  260,20161003,  145,  111,  190
  260,20161004,  130,   99,  173
  260,20161005,   98,   54,  141
  260,20161006,   94,   39,  127
  260,20161007,  118,  100,  145
  260,20161008,  110,   65,  142
  260,20161009,   79,   13,  145
  260,20161010,   79,   19,  135
  260,20161011,   80,    3,  131
  260,20161012,   89,   68,  110
  260,20161013,   91,   77,  114
  260,20161014,   99,   73,  134
  260,20161015,  107,   89,  137
  260,20161016,  133,   82,  188
  260,20161017,  121,   82,  163
  260,20161018,  102,   75,  128
  260,20161019,   88,   44,  120
  260,20161020,   85,   27,  120
  260,20161021,   76,   15,  127
  260,20161022,   67,   10,  104
  260,20161023,   48,   -7,  116
  260,20161024,   71,   41,   95
  260,20161025,   87,   79,  101
  260,20161026,   95,   40,  126
  260,20161027,  118,  104,  138
  260,20161028,  131,  103,  148
  260,20161029,   96,   52,  154
  260,20161030,   87,   41,  153
  260,20161031,   85,   29,  162
  260,20161101,   81,   40,  138
  260,20161102,   72,   22,  117
  260,20161103,   67,    8,  120
  260,20161104,   76,   63,   97
  260,20161105,   69,   49,  108
  260,20161106,   61,   24,   93
  260,20161107,   42,   -1,   57
  260,20161108,   19,  -29,   56
  260,20161109,   30,    5,   43
  260,20161110,   40,   31,   52
  260,20161111,   18,  -31,   58
  260,20161112,   20,  -33,   50
  260,20161113,   27,  -10,   47
  260,20161114,   31,  -23,   69
  260,20161115,  108,   69,  129
  260,20161116,  119,   93,  142
  260,20161117,   93,   76,  115
  260,20161118,   60,   32,   82
  260,20161119,   58,   40,   81
  260,20161120,   84,   48,  125
  260,20161121,  120,   81,  139
  260,20161122,  110,   65,  142
  260,20161123,   79,   37,  111
  260,20161124,   66,   30,   87
  260,20161125,   33,   -6,   84
  260,20161126,   -1,  -26,   36
  260,20161127,   56,  -10,   94
  260,20161128,   -3,  -41,   42
  260,20161129,  -31,  -70,   43
  260,20161130,   20,  -70,   68
  260,20161201,   79,   51,   94
  260,20161202,   52,  -25,   94
  260,20161203,   -1,  -43,   81
  260,20161204,  -14,  -50,   40
  260,20161205,  -27,  -69,   41
  260,20161206,    1,  -53,   54
  260,20161207,   63,   18,   95
  260,20161208,   82,   64,   96
  260,20161209,   91,   74,  104
  260,20161210,   78,   66,   92
  260,20161211,   85,   69,   96
  260,20161212,   53,    8,   76
  260,20161213,   66,   53,   75
  260,20161214,   73,   48,   91
  260,20161215,   65,   52,   79
  260,20161216,   54,   27,   75
  260,20161217,   61,   32,   85
  260,20161218,   62,   26,   91
  260,20161219,   43,   -2,   75
  260,20161220,   -6,  -27,   10
  260,20161221,   41,    0,   71
  260,20161222,   59,   48,   69
  260,20161223,   60,   43,   80
  260,20161224,   79,   61,   97
  260,20161225,  104,   81,  117
  260,20161226,   83,   61,  118
  260,20161227,   66,   30,   93
  260,20161228,   10,  -31,   43
  260,20161229,  -22,  -40,   -8
  260,20161230,  -11,  -40,   15
  260,20161231,   18,    8,   33
  277,20160101,   54,   35,   86
  277,20160102,   32,   12,   44
  277,20160103,   -5,  -15,   12
  277,20160104,  -30,  -41,   -5
  277,20160105,  -31,  -36,  -24
  277,20160106,  -35,  -43,  -29
  277,20160107,   -6,  -31,   45
  277,20160108,   45,   24,   65
  277,20160109,   34,    8,   58
  277,20160110,   57,   38,   74
  277,20160111,   40,   27,   54
  277,20160112,   49,   29,   65
  277,20160113,   43,   21,   65
  277,20160114,   23,    9,   47
  277,20160115,   27,   11,   38
  277,20160116,   22,    5,   51
  277,20160117,    8,  -13,   32
  277,20160118,  -19,  -33,    2
  277,20160119,    2,  -32,   43
  277,20160120,   18,  -10,   44
  277,20160121,  -18,  -47,   -2
  277,20160122,   -2,  -28,   24
  277,20160123,   46,   22,   74
  277,20160124,   61,   41,   92
  277,20160125,   92,   69,  123
  277,20160126,   74,   49,   99
  277,20160127,   97,   77,  113
  277,20160128,   64,   52,   78
  277,20160129,   87,   56,  102
  277,20160130,   69,   26,   96
  277,20160131,   57,   31,   66
  277,20160201,   94,   58,  107
  277,20160202,   78,   64,   90
  277,20160203,   56,   39,   67
  277,20160204,   51,   31,   62
  277,20160205,   72,   48,   93
  277,20160206,   88,   82,   97
  277,20160207,   83,   67,  105
  277,20160208,   76,   60,   87
  277,20160209,   59,   37,   74
  277,20160210,   53,   26,   74
  277,20160211,   48,   27,   68
  277,20160212,   21,    4,   43
  277,20160213,   16,   -4,   34
  277,20160214,   36,   29,   42
  277,20160215,   33,   23,   46
  277,20160216,   21,  -15,   58
  277,20160217,   -6,  -34,   27
  277,20160218,    8,  -21,   22
  277,20160219,   28,   -8,   62
  277,20160220,   62,   43,   78
  277,20160221,   83,   60,  107
  277,20160222,   58,   38,   82
  277,20160223,   49,   27,   70
  277,20160224,   34,   12,   54
  277,20160225,   31,    8,   58
  277,20160226,   29,    7,   61
  277,20160227,   28,    0,   50
  277,20160228,   44,   15,   70
  277,20160229,   33,   -8,   55
  277,20160301,   18,  -17,   65
  277,20160302,   47,   29,   71
  277,20160303,   38,   16,   63
  277,20160304,   22,    5,   42
  277,20160305,   25,   -1,   62
  277,20160306,   33,    1,   65
  277,20160307,   39,    9,   69
  277,20160308,   43,   22,   77
  277,20160309,   45,   18,   82
  277,20160310,   38,   12,   66
  277,20160311,   31,   10,   50
  277,20160312,   38,    6,   75
  277,20160313,   26,    1,   50
  277,20160314,   46,   14,   80
  277,20160315,   54,   42,   68
  277,20160316,   50,   27,   73
  277,20160317,   56,   23,   99
  277,20160318,   61,   44,   80
  277,20160319,   61,   52,   72
  277,20160320,   66,   51,   76
  277,20160321,   68,   65,   74
  277,20160322,   69,   62,   79
  277,20160323,   67,   51,   88
  277,20160324,   67,   48,   87
  277,20160325,   70,   36,   86
  277,20160326,   87,   11,  138
  277,20160327,   88,   63,  110
  277,20160328,   86,   64,  112
  277,20160329,   75,   54,  108
  277,20160330,   67,   50,   91
  277,20160331,   65,   38,   95
  277,20160401,   81,   38,  122
  277,20160402,   94,   57,  133
  277,20160403,  116,   98,  161
  277,20160404,  122,   93,  157
  277,20160405,   99,   83,  113
  277,20160406,   83,   57,  110
  277,20160407,   74,   59,   95
  277,20160408,   77,   53,  106
  277,20160409,   95,   44,  140
  277,20160410,   92,   74,  110
  277,20160411,  108,   68,  151
  277,20160412,  109,   82,  156
  277,20160413,   99,   77,  125
  277,20160414,   93,   61,  134
  277,20160415,   93,   78,  115
  277,20160416,   83,   66,  111
  277,20160417,   75,   48,  104
  277,20160418,   90,   57,  115
  277,20160419,   89,   75,  105
  277,20160420,   82,   63,  107
  277,20160421,   82,   39,  117
  277,20160422,   83,   64,  108
  277,20160423,   63,   34,   86
  277,20160424,   55,   29,   84
  277,20160425,   54,   20,   92
  277,20160426,   48,   17,   82
  277,20160427,   61,   29,   88
  277,20160428,   54,   25,   93
  277,20160429,   71,   32,  102
  277,20160430,   78,   54,  103
  277,20160501,   84,   55,  111
  277,20160502,  112,   50,  162
  277,20160503,   97,   67,  120
  277,20160504,  108,   62,  154
  277,20160505,  133,   73,  185
  277,20160506,  171,  102,  239
  277,20160507,  202,  134,  262
  277,20160508,  198,  146,  247
  277,20160509,  201,  143,  248
  277,20160510,  187,  149,  233
  277,20160511,  190,  149,  248
  277,20160512,  168,  149,  189
  277,20160513,  129,   89,  161
  277,20160514,   89,   72,  109
  277,20160515,   91,   70,  111
  277,20160516,   99,   74,  124
  277,20160517,  117,   93,  145
  277,20160518,  134,   81,  183
  277,20160519,  141,  115,  177
  277,20160520,  134,  116,  152
  277,20160521,  157,  104,  210
  277,20160522,  154,  123,  185
  277,20160523,  116,  106,  123
  277,20160524,  108,  101,  116
  277,20160525,  126,  110,  153
  277,20160526,  130,  114,  153
  277,20160527,  133,  113,  158
  277,20160528,  157,  138,  176
  277,20160529,  152,  136,  166
  277,20160530,  168,  139,  189
  277,20160531,  182,  168,  207
  277,20160601,  175,  148,  206
  277,20160602,  146,  136,  160
  277,20160603,  188,  146,  221
  277,20160604,  196,  165,  228
  277,20160605,  147,  128,  169
  277,20160606,  148,  126,  171
  277,20160607,  154,  129,  181
  277,20160608,  133,  119,  155
  277,20160609,  133,  119,  154
  277,20160610,  135,  119,  159
  277,20160611,  146,  126,  159
  277,20160612,  159,  138,  187
  277,20160613,  162,  142,  184
  277,20160614,  158,  137,  184
  277,20160615,  148,   98,  187
  277,20160616,  164,  135,  192
  277,20160617,  157,  142,  177
  277,20160618,  148,  131,  167
  277,20160619,  144,  132,  168
  277,20160620,  152,  133,  163
  277,20160621,  174,  141,  204
  277,20160622,  191,  154,  225
  277,20160623,  200,  189,  224
  277,20160624,  188,  147,  212
  277,20160625,  162,  144,  183
  277,20160626,  155,  132,  184
  277,20160627,  152,  122,  176
  277,20160628,  160,  124,  187
  277,20160629,  160,  138,  188
  277,20160630,  154,  144,  183
  277,20160701,  162,  147,  179
  277,20160702,  151,  135,  173
  277,20160703,  156,  124,  183
  277,20160704,  165,  141,  195
  277,20160705,  155,  140,  180
  277,20160706,  153,  125,  177
  277,20160707,  168,  121,  208
  277,20160708,  165,  140,  195
  277,20160709,  172,  136,  209
  277,20160710,  199,  170,  238
  277,20160711,  177,  164,  192
  277,20160712,  171,  153,  196
  277,20160713,  159,  138,  185
  277,20160714,  154,  127,  174
  277,20160715,  162,  137,  191
  277,20160716,  180,  153,  195
  277,20160717,  179,  154,  209
  277,20160718,  189,  152,  229
  277,20160719,  206,  156,  245
  277,20160720,  244,  187,  315
  277,20160721,  215,  186,  249
  277,20160722,  191,  179,  207
  277,20160723,  187,  175,  202
  277,20160724,  201,  183,  228
  277,20160725,  193,  162,  221
  277,20160726,  183,  152,  222
  277,20160727,  183,  162,  221
  277,20160728,  184,  146,  222
  277,20160729,  184,  162,  218
  277,20160730,  183,  171,  200
  277,20160731,  173,  154,  205
  277,20160801,  169,  144,  197
  277,20160802,  172,  137,  206
  277,20160803,  189,  169,  212
  277,20160804,  182,  161,  206
  277,20160805,  178,  154,  204
  277,20160806,  176,  140,  211
  277,20160807,  184,  139,  221
  277,20160808,  169,  138,  188
  277,20160809,  145,  121,  173
  277,20160810,  141,  112,  168
  277,20160811,  142,  112,  165
  277,20160812,  174,  157,  193
  277,20160813,  169,  147,  194
  277,20160814,  170,  144,  199
  277,20160815,  172,  157,  198
  277,20160816,  168,  140,  191
  277,20160817,  184,  161,  209
  277,20160818,  176,  156,  194
  277,20160819,  193,  149,  245
  277,20160820,  183,  148,  214
  277,20160821,  167,  145,  195
  277,20160822,  177,  157,  192
  277,20160823,  202,  178,  222
  277,20160824,  242,  178,  301
  277,20160825,  244,  201,  309
  277,20160826,  204,  179,  229
  277,20160827,  196,  178,  215
  277,20160828,  204,  178,  247
  277,20160829,  177,  149,  199
  277,20160830,  179,  135,  222
  277,20160831,  191,  148,  243
  277,20160901,  178,  148,  205
  277,20160902,  174,  138,  212
  277,20160903,  180,  163,  205
  277,20160904,  175,  159,  194
  277,20160905,  181,  153,  207
  277,20160906,  190,  148,  232
  277,20160907,  200,  160,  258
  277,20160908,  206,  165,  254
  277,20160909,  190,  160,  228
  277,20160910,  194,  150,  241
  277,20160911,  185,  174,  204
  277,20160912,  225,  173,  279
  277,20160913,  242,  192,  307
  277,20160914,  238,  194,  297
  277,20160915,  221,  182,  275
  277,20160916,  181,  164,  206
  277,20160917,  186,  153,  211
  277,20160918,  175,  159,  191
  277,20160919,  164,  146,  194
  277,20160920,  157,  142,  181
  277,20160921,  161,  131,  190
  277,20160922,  157,  115,  200
  277,20160923,  154,  117,  194
  277,20160924,  160,  104,  214
  277,20160925,  173,  122,  242
  277,20160926,  154,  122,  195
  277,20160927,  159,  115,  200
  277,20160928,  177,  163,  193
  277,20160929,  168,  148,  185
  277,20160930,  142,  118,  176
  277,20161001,  132,  103,  181
  277,20161002,  120,   97,  141
  277,20161003,  149,  121,  169
  277,20161004,  133,   97,  160
  277,20161005,  106,   79,  128
  277,20161006,  115,   87,  131
  277,20161007,  123,  110,  130
  277,20161008,  108,   90,  132
  277,20161009,   95,   70,  127
  277,20161010,   93,   55,  128
  277,20161011,  112,   93,  128
  277,20161012,  103,   85,  125
  277,20161013,   86,   69,  105
  277,20161014,   87,   64,  108
  277,20161015,  103,   85,  125
  277,20161016,  120,   80,  167
  277,20161017,  118,   95,  168
  277,20161018,   98,   73,  130
  277,20161019,   89,   68,  115
  277,20161020,  100,   73,  120
  277,20161021,   95,   67,  115
  277,20161022,   85,   64,  106
  277,20161023,   75,   53,  106
  277,20161024,   72,   51,   92
  277,20161025,   82,   48,  114
  277,20161026,   83,   39,  110
  277,20161027,  119,  100,  143
  277,20161028,  123,  104,  134
  277,20161029,  109,   86,  136
  277,20161030,  107,   84,  119
  277,20161031,  111,   96,  133
  277,20161101,  109,   93,  128
  277,20161102,   93,   67,  113
  277,20161103,   83,   61,  108
  277,20161104,   81,   70,   96
  277,20161105,   70,   54,  104
  277,20161106,   73,   51,  106
  277,20161107,   48,   28,   70
  277,20161108,   22,    9,   41
  277,20161109,   20,    7,   38
  277,20161110,   20,    5,   42
  277,20161111,   36,    5,   63
  277,20161112,   14,  -10,   40
  277,20161113,   20,    3,   35
  277,20161114,   31,   -2,   69
  277,20161115,   84,   64,  111
  277,20161116,   94,   67,  118
  277,20161117,   73,   49,   98
  277,20161118,   62,   40,   82
  277,20161119,   47,   33,   68
  277,20161120,   67,   37,   97
  277,20161121,  103,   67,  125
  277,20161122,  100,   70,  117
  277,20161123,   75,   53,   90
  277,20161124,   72,   56,   86
  277,20161125,   51,   18,   72
  277,20161126,   46,   -2,   87
  277,20161127,   76,   37,   97
  277,20161128,   30,  -12,   54
  277,20161129,    5,  -16,   37
  277,20161130,   55,    8,   78
  277,20161201,   79,   60,   91
  277,20161202,   70,   52,   87
  277,20161203,   48,    9,   76
  277,20161204,    8,  -14,   42
  277,20161205,  -11,  -32,   40
  277,20161206,   -7,  -40,   23
  277,20161207,   49,   13,   71
  277,20161208,   68,   57,   84
  277,20161209,   83,   65,   93
  277,20161210,   80,   71,   99
  277,20161211,   76,   69,   87
  277,20161212,   70,   55,   87
  277,20161213,   58,   48,   68
  277,20161214,   75,   63,   82
  277,20161215,   67,   54,   82
  277,20161216,   44,   25,   59
  277,20161217,   57,   42,   78
  277,20161218,   60,   46,   77
  277,20161219,   53,   30,   75
  277,20161220,   14,    0,   41
  277,20161221,   39,   11,   59
  277,20161222,   57,   46,   71
  277,20161223,   56,   41,   70
  277,20161224,   72,   58,   84
  277,20161225,   95,   81,  108
  277,20161226,   78,   41,  105
  277,20161227,   74,   47,   86
  277,20161228,   53,   23,   74
  277,20161229,   13,  -12,   41
  277,20161230,   16,  -16,   49
  277,20161231,   51,   36,   64
  380,20160101,   60,   36,   87
  380,20160102,   74,   48,   95
  380,20160103,   66,   44,   88
  380,20160104,   63,   39,   76
  380,20160105,   67,   43,   80
  380,20160106,   64,   48,   78
  380,20160107,   60,   41,   81
  380,20160108,   43,   24,   79
  380,20160109,   58,   24,   81
  380,20160110,   68,   41,   91
  380,20160111,   55,   32,   78
  380,20160112,   56,   44,   75
  380,20160113,   43,   16,   56
  380,20160114,   29,   13,   49
  380,20160115,   17,    6,   22
  380,20160116,   18,   -1,   50
  380,20160117,  -12,  -43,    9
  380,20160118,  -36,  -54,   -4
  380,20160119,  -38,  -80,    4
  380,20160120,   -5,  -28,   10
  380,20160121,    4,  -23,   43
  380,20160122,   17,  -22,   45
  380,20160123,   59,   40,   78
  380,20160124,   68,   36,   85
  380,20160125,  108,   73,  162
  380,20160126,   96,   86,  108
  380,20160127,  100,   85,  110
  380,20160128,   57,   15,   97
  380,20160129,   68,   20,   91
  380,20160130,   62,   25,   89
  380,20160131,   70,   34,  116
  380,20160201,  108,   99,  116
  380,20160202,   80,   50,  109
  380,20160203,   45,   30,   69
  380,20160204,   47,   23,   79
  380,20160205,   82,   22,  101
  380,20160206,   95,   74,  111
  380,20160207,   83,   60,  112
  380,20160208,   82,   66,  101
  380,20160209,   55,   22,  107
  380,20160210,   37,   24,   51
  380,20160211,   42,   21,   69
  380,20160212,   28,  -24,   57
  380,20160213,   14,  -26,   42
  380,20160214,   18,    1,   29
  380,20160215,    9,  -29,   44
  380,20160216,   -8,  -44,   34
  380,20160217,    0,  -59,   43
  380,20160218,   22,   -6,   55
  380,20160219,   33,    2,   77
  380,20160220,   79,   45,  109
  380,20160221,  107,   98,  120
  380,20160222,   71,   29,  106
  380,20160223,   32,    2,   80
  380,20160224,   23,  -15,   64
  380,20160225,    8,  -34,   60
  380,20160226,   23,  -11,   53
  380,20160227,   26,   -3,   72
  380,20160228,   17,  -19,   56
  380,20160229,   15,  -26,   68
  380,20160301,   14,  -49,   59
  380,20160302,   56,   26,   95
  380,20160303,   31,   10,   70
  380,20160304,   31,   -4,   51
  380,20160305,   22,   -4,   47
  380,20160306,   21,   -4,   53
  380,20160307,   18,  -25,   49
  380,20160308,   18,  -32,   55
  380,20160309,   42,    6,   84
  380,20160310,   38,  -25,   95
  380,20160311,   42,  -12,   98
  380,20160312,   27,  -27,   86
  380,20160313,   36,  -17,   97
  380,20160314,   29,  -15,   83
  380,20160315,   32,  -20,   78
  380,20160316,   42,    2,   88
  380,20160317,   46,  -12,  106
  380,20160318,   23,  -14,   47
  380,20160319,   48,   37,   61
  380,20160320,   60,   41,   88
  380,20160321,   69,   50,   97
  380,20160322,   70,   29,  113
  380,20160323,   72,   53,  104
  380,20160324,   75,   59,   93
  380,20160325,   67,   29,   96
  380,20160326,   95,   12,  154
  380,20160327,  100,   68,  136
  380,20160328,   94,   49,  133
  380,20160329,   82,   53,  111
  380,20160330,   92,   61,  122
  380,20160331,   63,   51,   77
  380,20160401,   79,   21,  125
  380,20160402,  112,   73,  143
  380,20160403,  159,  119,  203
  380,20160404,  132,  106,  168
  380,20160405,  103,   62,  136
  380,20160406,   91,   60,  136
  380,20160407,   69,   39,  119
  380,20160408,   73,   38,  112
  380,20160409,   95,   18,  155
  380,20160410,  111,   62,  173
  380,20160411,  140,   65,  211
  380,20160412,  109,   61,  181
  380,20160413,   89,   45,  125
  380,20160414,  106,   37,  170
  380,20160415,  117,   91,  166
  380,20160416,   91,   43,  140
  380,20160417,   60,   18,  103
  380,20160418,   76,    2,  130
  380,20160419,   90,   28,  145
  380,20160420,   83,   18,  143
  380,20160421,  117,   20,  194
  380,20160422,  105,   75,  148
  380,20160423,   57,    8,   95
  380,20160424,   37,    0,   76
  380,20160425,   40,    3,   74
  380,20160426,   30,   10,   58
  380,20160427,   42,    8,   77
  380,20160428,   51,    0,  113
  380,20160429,   70,   36,  112
  380,20160430,   67,   47,   92
  380,20160501,   83,   44,  132
  380,20160502,  116,   22,  185
  380,20160503,  104,   46,  147
  380,20160504,   97,   18,  150
  380,20160505,  134,   55,  196
  380,20160506,  177,   86,  244
  380,20160507,  203,  134,  255
  380,20160508,  201,  146,  247
  380,20160509,  197,  140,  247
  380,20160510,  172,  146,  200
  380,20160511,  193,  129,  244
  380,20160512,  179,  133,  235
  380,20160513,  169,   99,  226
  380,20160514,   88,   54,  130
  380,20160515,   85,   51,  129
  380,20160516,   94,   63,  129
  380,20160517,  129,   74,  181
  380,20160518,  140,  100,  191
  380,20160519,  132,   86,  189
  380,20160520,  138,   94,  177
  380,20160521,  189,  132,  241
  380,20160522,  165,  135,  200
  380,20160523,  110,   96,  140
  380,20160524,  110,   88,  136
  380,20160525,  119,   78,  168
  380,20160526,  163,   83,  219
  380,20160527,  168,  122,  228
  380,20160528,  171,  109,  235
  380,20160529,  163,  130,  186
  380,20160530,  157,  149,  166
  380,20160531,  164,  144,  204
  380,20160601,  153,  131,  162
  380,20160602,  176,  142,  236
  380,20160603,  161,  134,  210
  380,20160604,  158,  134,  191
  380,20160605,  189,  149,  264
  380,20160606,  199,  144,  261
  380,20160607,  193,  148,  266
  380,20160608,  182,  127,  237
  380,20160609,  160,  114,  213
  380,20160610,  164,   93,  217
  380,20160611,  172,  139,  225
  380,20160612,  162,  145,  221
  380,20160613,  152,  136,  198
  380,20160614,  153,  127,  207
  380,20160615,  137,  103,  186
  380,20160616,  137,   89,  190
  380,20160617,  145,  121,  189
  380,20160618,  137,  118,  179
  380,20160619,  144,  111,  193
  380,20160620,  156,  119,  198
  380,20160621,  176,  144,  212
  380,20160622,  209,  155,  253
  380,20160623,  251,  169,  322
  380,20160624,  204,  170,  242
  380,20160625,  152,  112,  176
  380,20160626,  146,  104,  191
  380,20160627,  149,  120,  194
  380,20160628,  174,  131,  215
  380,20160629,  168,  134,  208
  380,20160630,  172,  146,  203
  380,20160701,  181,  147,  215
  380,20160702,  145,  116,  178
  380,20160703,  153,  116,  194
  380,20160704,  175,  119,  225
  380,20160705,  164,   99,  210
  380,20160706,  157,   95,  209
  380,20160707,  177,  108,  227
  380,20160708,  202,  156,  244
  380,20160709,  203,  165,  250
  380,20160710,  236,  184,  298
  380,20160711,  195,  165,  236
  380,20160712,  161,  121,  215
  380,20160713,  133,   99,  189
  380,20160714,  142,   89,  191
  380,20160715,  158,   87,  212
  380,20160716,  186,  149,  240
  380,20160717,  205,  163,  250
  380,20160718,  222,  148,  289
  380,20160719,  246,  160,  308
  380,20160720,  266,  209,  339
  380,20160721,  234,  195,  279
  380,20160722,  218,  181,  266
  380,20160723,  208,  181,  258
  380,20160724,  212,  172,  265
  380,20160725,  205,  156,  252
  380,20160726,  192,  156,  231
  380,20160727,  185,  131,  229
  380,20160728,  193,  155,  238
  380,20160729,  189,  150,  239
  380,20160730,  183,  147,  235
  380,20160731,  166,  109,  211
  380,20160801,  169,  105,  228
  380,20160802,  160,  133,  179
  380,20160803,  181,  171,  194
  380,20160804,  170,  139,  202
  380,20160805,  164,  122,  218
  380,20160806,  170,  119,  224
  380,20160807,  199,  116,  249
  380,20160808,  171,  135,  216
  380,20160809,  139,  100,  195
  380,20160810,  123,   80,  164
  380,20160811,  127,   73,  170
  380,20160812,  180,  144,  227
  380,20160813,  186,  138,  238
  380,20160814,  182,  130,  231
  380,20160815,  176,  134,  227
  380,20160816,  174,  109,  239
  380,20160817,  187,  119,  256
  380,20160818,  184,  104,  250
  380,20160819,  191,  128,  247
  380,20160820,  185,  142,  235
  380,20160821,  158,  133,  196
  380,20160822,  179,  136,  237
  380,20160823,  222,  153,  287
  380,20160824,  246,  152,  321
  380,20160825,  256,  173,  333
  380,20160826,  248,  195,  310
  380,20160827,  244,  174,  323
  380,20160828,  217,  152,  271
  380,20160829,  177,  142,  209
  380,20160830,  173,  110,  238
  380,20160831,  189,  119,  257
  380,20160901,  176,  127,  229
  380,20160902,  182,  126,  233
  380,20160903,  189,  132,  245
  380,20160904,  178,  150,  215
  380,20160905,  176,  140,  225
  380,20160906,  191,  119,  260
  380,20160907,  202,  130,  266
  380,20160908,  208,  138,  276
  380,20160909,  171,  124,  234
  380,20160910,  187,  109,  261
  380,20160911,  202,  154,  258
  380,20160912,  229,  150,  295
  380,20160913,  255,  190,  327
  380,20160914,  246,  175,  322
  380,20160915,  211,  145,  285
  380,20160916,  176,  143,  224
  380,20160917,  172,  125,  221
  380,20160918,  158,  134,  180
  380,20160919,  154,  126,  198
  380,20160920,  148,   97,  188
  380,20160921,  162,  115,  211
  380,20160922,  153,   88,  216
  380,20160923,  157,  116,  222
  380,20160924,  172,  100,  246
  380,20160925,  180,  123,  266
  380,20160926,  133,   81,  194
  380,20160927,  147,   72,  225
  380,20160928,  177,  131,  225
  380,20160929,  172,  136,  218
  380,20160930,  146,  118,  183
  380,20161001,  137,   95,  192
  380,20161002,  114,   94,  154
  380,20161003,  129,   97,  178
  380,20161004,  116,   83,  156
  380,20161005,   91,   42,  146
  380,20161006,   80,   21,  117
  380,20161007,  111,   94,  146
  380,20161008,  100,   47,  145
  380,20161009,   78,   32,  135
  380,20161010,   77,   27,  131
  380,20161011,   69,   15,  126
  380,20161012,   81,   52,   94
  380,20161013,   83,   29,  129
  380,20161014,   98,   72,  122
  380,20161015,  114,   86,  159
  380,20161016,  149,   84,  208
  380,20161017,  123,   94,  158
  380,20161018,  105,   74,  146
  380,20161019,   85,   71,  113
  380,20161020,   87,   67,  113
  380,20161021,   71,   55,   91
  380,20161022,   73,   21,  110
  380,20161023,   42,  -14,   82
  380,20161024,   92,   65,  114
  380,20161025,   93,   84,  103
  380,20161026,   82,   57,  125
  380,20161027,  105,   71,  137
  380,20161028,  121,  111,  131
  380,20161029,  113,   66,  158
  380,20161030,   97,   51,  153
  380,20161031,   97,   41,  157
  380,20161101,   98,   52,  149
  380,20161102,   73,   49,  105
  380,20161103,   65,   44,  104
  380,20161104,   71,   46,  103
  380,20161105,   73,   57,  106
  380,20161106,   54,   37,   78
  380,20161107,   43,   26,   55
  380,20161108,   30,    7,   65
  380,20161109,   36,   19,   57
  380,20161110,   60,   28,   79
  380,20161111,   31,    3,   54
  380,20161112,   34,   -7,   63
  380,20161113,   41,   32,   58
  380,20161114,   28,  -11,   51
  380,20161115,   75,   45,  102
  380,20161116,  113,  100,  123
  380,20161117,  105,   86,  121
  380,20161118,   72,   37,  119
  380,20161119,   60,   47,   80
  380,20161120,  104,   54,  140
  380,20161121,  131,  117,  144
  380,20161122,  108,   78,  128
  380,20161123,   97,   85,  127
  380,20161124,   80,   45,  107
  380,20161125,   42,   12,   79
  380,20161126,   46,   12,   69
  380,20161127,   43,    0,   75
  380,20161128,    4,  -22,   32
  380,20161129,  -17,  -53,   25
  380,20161130,    0,  -57,   41
  380,20161201,   37,   15,   56
  380,20161202,   59,   12,   86
  380,20161203,   -1,  -34,   44
  380,20161204,   -6,  -34,   31
  380,20161205,    6,  -41,   69
  380,20161206,   30,  -19,   93
  380,20161207,   68,   25,  102
  380,20161208,   68,   48,   90
  380,20161209,   89,   69,  127
  380,20161210,   79,   47,  101
  380,20161211,   76,   68,  103
  380,20161212,   61,   28,   76
  380,20161213,   67,   42,   81
  380,20161214,   78,   32,  120
  380,20161215,   48,   11,   91
  380,20161216,   48,    8,   83
  380,20161217,   43,   14,   60
  380,20161218,   59,   51,   67
  380,20161219,   39,  -13,   69
  380,20161220,    1,  -32,   39
  380,20161221,   37,   -1,   67
  380,20161222,   56,   49,   65
  380,20161223,   55,   39,   77
  380,20161224,   72,   60,   79
  380,20161225,   86,   75,   97
  380,20161226,   67,   21,  105
  380,20161227,   30,    2,   74
  380,20161228,   17,  -27,   41
  380,20161229,  -18,  -58,   34
  380,20161230,   -5,  -50,   52
  380,20161231,  -24,  -51,   18
