# BRON: KONINKLIJK NEDERLANDS METEOROLOGISCH INSTITUUT (KNMI)
# Opmerking: door stationsverplaatsingen en veranderingen in waarneemmethodieken zijn deze tijdreeksen van dagwaarden mogelijk inhomogeen! Dat betekent dat deze reeks van gemeten waarden niet geschikt is voor trendanalyse. Voor studies naar klimaatverandering verwijzen we naar de gehomogeniseerde reeks maandtemperaturen van De Bilt <http://www.knmi.nl/kennis-en-datacentrum/achtergrond/gehomogeniseerde-reeks-maandtemperaturen-de-bilt> of de Centraal Nederland Temperatuur <http://www.knmi.nl/kennis-en-datacentrum/achtergrond/centraal-nederland-temperatuur-cnt>.
# 
# 
# STN      LON(east)   LAT(north)     ALT(m)  NAME
,260,         5.180,       52.100,       1.90,  DE BILT
,380,         5.762,       50.906,     114.30,  MAASTRICHT
# 
# YYYYMMDD = Datum (YYYY=jaar MM=maand DD=dag); 
# TG       = Etmaalgemiddelde temperatuur (in 0.1 graden Celsius); 
# TN       = Minimum temperatuur (in 0.1 graden Celsius); 
# TX       = Maximum temperatuur (in 0.1 graden Celsius); 
# 
# STN,YYYYMMDD,   TG,   TN,   TX
# 
  260,19630101,  -83, -102,  -48
  260,19630102,  -86, -100,  -77
  260,19630103,  -41,  -78,  -12
  260,19630104,   -5,  -31,   22
  260,19630105,   11,    2,   22
  260,19630106,  -11,  -59,    6
  260,19630107,  -38,  -64,  -25
  260,19630108,  -45,  -64,  -35
  260,19630109,  -78, -102,  -42
  260,19630110, -112, -147,  -79
  260,19630111,  -99, -132,  -61
  260,19630112,  -99, -132,  -70
  260,19630113,  -80, -152,  -27
  260,19630114,  -11,  -68,   25
  260,19630115,  -35,  -91,   13
  260,19630116,  -64,  -90,   13
  260,19630117, -112, -146,  -71
  260,19630118, -105, -182,  -63
  260,19630119,  -86, -119,  -62
  260,19630120,  -59,  -90,  -20
  260,19630121,  -80, -111,  -48
  260,19630122,  -86, -154,  -32
  260,19630123,  -38,  -95,   -4
  260,19630124,  -37,  -85,   11
  260,19630125,  -23,  -85,    1
  260,19630126,   12,  -21,   31
  260,19630127,   -4,  -36,   19
  260,19630128,    4,  -11,   22
  260,19630129,  -16,  -37,    7
  260,19630130,  -36,  -50,  -18
  260,19630131,  -68, -104,  -44
  260,19630201,  -52,  -74,  -35
  260,19630202,  -58,  -84,  -42
  260,19630203,  -51,  -92,   -6
  260,19630204,  -58, -112,  -24
  260,19630205,  -64, -112,  -27
  260,19630206,  -55,  -96,  -26
  260,19630207,   -7,  -40,   20
  260,19630208,   17,    4,   26
  260,19630209,    8,  -35,   35
  260,19630210,  -27,  -42,  -14
  260,19630211,    2,  -14,   21
  260,19630212,   -5,  -15,    3
  260,19630213,  -10,  -19,    4
  260,19630214,  -19,  -51,   10
  260,19630215,  -24,  -51,   -2
  260,19630216,  -24,  -37,   -8
  260,19630217,  -17,  -32,   -3
  260,19630218,  -14,  -25,   -1
  260,19630219,  -33,  -78,    0
  260,19630220,  -39,  -66,  -21
  260,19630221,  -48, -121,   -8
  260,19630222,  -74, -138,   10
  260,19630223,  -68, -145,    5
  260,19630224,  -63, -141,   11
  260,19630225,  -48, -105,   25
  260,19630226,  -38,  -94,   23
  260,19630227,  -17,  -74,   41
  260,19630228,  -12,  -52,   42
  260,19630301,  -14,  -68,   50
  260,19630302,  -10,  -72,   58
  260,19630303,   -5,  -60,   64
  260,19630304,   11,  -53,   69
  260,19630305,   46,    2,   85
  260,19630306,   72,   46,  113
  260,19630307,   71,   35,  111
  260,19630308,   71,   21,  144
  260,19630309,   78,   51,  113
  260,19630310,   67,   35,   95
  260,19630311,   54,   13,   82
  260,19630312,   34,    5,   74
  260,19630313,   43,    9,   80
  260,19630314,   72,   40,  107
  260,19630315,   78,   42,  136
  260,19630316,   70,   35,  115
  260,19630317,   69,   36,  107
  260,19630318,   89,   70,  126
  260,19630319,   60,   29,   97
  260,19630320,   41,    0,   70
  260,19630321,   16,    0,   29
  260,19630322,    2,  -27,   35
  260,19630323,   15,  -23,   51
  260,19630324,   31,  -12,   63
  260,19630325,   50,   15,   76
  260,19630326,   51,   16,   77
  260,19630327,   56,   24,  100
  260,19630328,   65,   18,  109
  260,19630329,   56,   25,  114
  260,19630330,   52,   21,   92
  260,19630331,   36,   23,   49
  260,19630401,   20,   15,   26
  260,19630402,   51,   13,  100
  260,19630403,   58,   39,   76
  260,19630404,   35,    2,   75
  260,19630405,   46,  -16,   83
  260,19630406,   80,   28,  139
  260,19630407,   83,   19,  145
  260,19630408,  113,   37,  186
  260,19630409,  128,   78,  182
  260,19630410,  109,   76,  150
  260,19630411,  118,   62,  164
  260,19630412,   71,   -9,  109
  260,19630413,   48,  -25,  116
  260,19630414,   70,    3,  120
  260,19630415,   86,   70,   95
  260,19630416,   96,   74,  115
  260,19630417,  115,   63,  179
  260,19630418,   90,   37,  132
  260,19630419,  109,   20,  183
  260,19630420,  141,   71,  199
  260,19630421,  125,  103,  166
  260,19630422,  109,   66,  160
  260,19630423,  123,   56,  180
  260,19630424,  107,   63,  156
  260,19630425,   76,   58,   91
  260,19630426,   79,   17,  136
  260,19630427,  103,   15,  160
  260,19630428,  112,   87,  146
  260,19630429,  110,   96,  124
  260,19630430,   98,   69,  138
  260,19630501,   81,   69,   98
  260,19630502,   74,   38,  108
  260,19630503,   67,   44,   90
  260,19630504,   74,   31,  113
  260,19630505,   91,   33,  136
  260,19630506,   86,   21,  126
  260,19630507,  104,   15,  172
  260,19630508,  150,   57,  228
  260,19630509,  106,   42,  133
  260,19630510,   88,   24,  154
  260,19630511,   88,   81,  100
  260,19630512,  114,   52,  158
  260,19630513,  111,   81,  135
  260,19630514,  104,   70,  134
  260,19630515,   91,   66,  128
  260,19630516,  102,   44,  161
  260,19630517,   85,   28,  122
  260,19630518,  105,   34,  154
  260,19630519,   86,   36,  121
  260,19630520,  100,   20,  156
  260,19630521,  110,   80,  144
  260,19630522,  105,   49,  150
  260,19630523,  106,   85,  131
  260,19630524,  105,   61,  134
  260,19630525,  112,   22,  167
  260,19630526,  136,   74,  189
  260,19630527,  145,  118,  187
  260,19630528,  129,  112,  153
  260,19630529,  148,  109,  202
  260,19630530,  188,  118,  250
  260,19630531,  204,  134,  262
  260,19630601,  176,  121,  224
  260,19630602,  152,   85,  203
  260,19630603,  157,   93,  206
  260,19630604,  180,  100,  237
  260,19630605,  176,  127,  236
  260,19630606,  168,  128,  222
  260,19630607,  179,   97,  242
  260,19630608,  209,  162,  274
  260,19630609,  209,  149,  263
  260,19630610,  198,  123,  257
  260,19630611,  159,   97,  214
  260,19630612,  152,   77,  233
  260,19630613,  165,   97,  243
  260,19630614,  134,  102,  150
  260,19630615,  125,   79,  160
  260,19630616,  129,   47,  191
  260,19630617,  148,  128,  172
  260,19630618,  155,  132,  176
  260,19630619,  126,  100,  162
  260,19630620,  132,   99,  155
  260,19630621,  155,  131,  182
  260,19630622,  141,  123,  172
  260,19630623,  141,   92,  181
  260,19630624,  142,   81,  190
  260,19630625,  147,   94,  199
  260,19630626,  142,  104,  183
  260,19630627,  149,   92,  190
  260,19630628,  141,  104,  180
  260,19630629,  143,  101,  190
  260,19630630,  163,  116,  218
  260,19630701,  153,  110,  181
  260,19630702,  152,   97,  219
  260,19630703,  173,   81,  233
  260,19630704,  181,  149,  231
  260,19630705,  178,  143,  226
  260,19630706,  173,  135,  220
  260,19630707,  148,  114,  184
  260,19630708,  138,   98,  180
  260,19630709,  152,  115,  188
  260,19630710,  146,  123,  173
  260,19630711,  139,   76,  183
  260,19630712,  138,   72,  179
  260,19630713,  129,   81,  189
  260,19630714,  153,   88,  200
  260,19630715,  172,  131,  219
  260,19630716,  167,  125,  201
  260,19630717,  157,  120,  197
  260,19630718,  149,  110,  178
  260,19630719,  175,  142,  214
  260,19630720,  168,  120,  210
  260,19630721,  173,   92,  245
  260,19630722,  208,  134,  284
  260,19630723,  199,  149,  261
  260,19630724,  204,  153,  242
  260,19630725,  143,   99,  180
  260,19630726,  139,   82,  188
  260,19630727,  137,   48,  190
  260,19630728,  155,   85,  211
  260,19630729,  188,  112,  249
  260,19630730,  182,  118,  231
  260,19630731,  169,  108,  218
  260,19630801,  176,   96,  238
  260,19630802,  206,  102,  287
  260,19630803,  213,  162,  274
  260,19630804,  178,  149,  208
  260,19630805,  175,  139,  220
  260,19630806,  189,  146,  243
  260,19630807,  164,  102,  213
  260,19630808,  144,   96,  190
  260,19630809,  141,  129,  156
  260,19630810,  149,  120,  175
  260,19630811,  162,  132,  194
  260,19630812,  155,  126,  187
  260,19630813,  146,   95,  197
  260,19630814,  151,   95,  205
  260,19630815,  147,  121,  184
  260,19630816,  147,  106,  196
  260,19630817,  132,   92,  159
  260,19630818,  125,   83,  191
  260,19630819,  143,  119,  177
  260,19630820,  126,  110,  154
  260,19630821,  127,  108,  156
  260,19630822,  142,  131,  156
  260,19630823,  152,  131,  180
  260,19630824,  142,  123,  170
  260,19630825,  157,  137,  182
  260,19630826,  173,  136,  203
  260,19630827,  141,  104,  183
  260,19630828,  115,   82,  138
  260,19630829,  117,   67,  181
  260,19630830,  132,   45,  185
  260,19630831,  141,  122,  178
  260,19630901,  162,  112,  210
  260,19630902,  149,  130,  183
  260,19630903,  133,  125,  148
  260,19630904,  130,  112,  160
  260,19630905,  131,  107,  173
  260,19630906,  121,   83,  155
  260,19630907,  117,   67,  175
  260,19630908,  127,   87,  164
  260,19630909,  123,   77,  158
  260,19630910,  130,   70,  189
  260,19630911,  144,  110,  185
  260,19630912,  147,  105,  194
  260,19630913,  145,  108,  194
  260,19630914,  142,   78,  215
  260,19630915,  135,   58,  194
  260,19630916,  159,   68,  239
  260,19630917,  179,  119,  262
  260,19630918,  165,  134,  219
  260,19630919,  142,  107,  179
  260,19630920,  148,  112,  178
  260,19630921,  141,  106,  163
  260,19630922,  154,  132,  188
  260,19630923,  161,  123,  207
  260,19630924,  163,  130,  193
  260,19630925,  108,   68,  147
  260,19630926,  132,   89,  167
  260,19630927,  129,  112,  158
  260,19630928,   93,   42,  144
  260,19630929,  124,   62,  144
  260,19630930,  119,   93,  133
  260,19631001,  112,   93,  130
  260,19631002,   95,   63,  131
  260,19631003,  104,   58,  130
  260,19631004,  108,   53,  156
  260,19631005,   94,   63,  135
  260,19631006,   99,   67,  140
  260,19631007,   92,   34,  151
  260,19631008,  100,   26,  138
  260,19631009,  112,   55,  156
  260,19631010,  110,   62,  145
  260,19631011,  122,   97,  136
  260,19631012,  133,  113,  171
  260,19631013,  115,   97,  142
  260,19631014,   90,   41,  131
  260,19631015,   76,   14,  125
  260,19631016,  106,   84,  143
  260,19631017,  102,   79,  138
  260,19631018,  113,   60,  151
  260,19631019,  107,   60,  153
  260,19631020,  128,   84,  160
  260,19631021,  120,   89,  168
  260,19631022,  108,   19,  152
  260,19631023,   84,   19,  119
  260,19631024,  135,  115,  157
  260,19631025,  114,   71,  145
  260,19631026,   70,   37,  136
  260,19631027,   40,   23,   53
  260,19631028,   45,   17,   62
  260,19631029,   43,   30,   49
  260,19631030,   49,   25,   98
  260,19631031,   68,   27,  119
  260,19631101,   78,   62,   99
  260,19631102,   95,   63,  133
  260,19631103,   87,   40,  140
  260,19631104,   78,   22,  114
  260,19631105,  129,   94,  165
  260,19631106,  120,  101,  147
  260,19631107,   92,   67,  108
  260,19631108,   98,   80,  132
  260,19631109,   96,   64,  119
  260,19631110,  106,   76,  137
  260,19631111,  114,   96,  136
  260,19631112,  107,   85,  129
  260,19631113,   70,   51,   87
  260,19631114,   54,   26,   91
  260,19631115,   46,   20,   74
  260,19631116,   66,   25,  100
  260,19631117,   66,   25,  102
  260,19631118,  118,   94,  143
  260,19631119,  131,  107,  151
  260,19631120,   81,   37,  134
  260,19631121,   62,   27,  102
  260,19631122,   95,   59,  125
  260,19631123,   82,   38,  122
  260,19631124,   95,   86,  103
  260,19631125,   84,   65,  115
  260,19631126,   64,   27,   94
  260,19631127,   35,   -6,   80
  260,19631128,   30,   -2,   62
  260,19631129,   44,   14,   59
  260,19631130,   58,   50,   64
  260,19631201,   52,   27,   79
  260,19631202,   26,   -1,   51
  260,19631203,    5,  -17,   37
  260,19631204,   -7,  -27,   37
  260,19631205,    1,  -26,   23
  260,19631206,  -13,  -30,   15
  260,19631207,  -15,  -56,   25
  260,19631208,   -2,  -28,   43
  260,19631209,  -31,  -47,   -9
  260,19631210,  -34,  -39,  -28
  260,19631211,  -20,  -39,   -5
  260,19631212,  -14,  -50,    9
  260,19631213,   -3,  -29,   13
  260,19631214,  -38, -103,  -14
  260,19631215,  -64, -120,   -7
  260,19631216,  -25,  -39,  -10
  260,19631217,  -28,  -72,   -6
  260,19631218,   -3,  -13,    3
  260,19631219,  -18,  -86,   26
  260,19631220,  -62, -115,  -29
  260,19631221,  -14,  -29,   -6
  260,19631222,  -10,  -52,    1
  260,19631223,  -69,  -90,  -36
  260,19631224,  -74, -107,  -38
  260,19631225,  -22,  -82,   33
  260,19631226,   33,   13,   41
  260,19631227,    9,   -1,   21
  260,19631228,   30,   12,   40
  260,19631229,    7,  -11,   27
  260,19631230,   30,   16,   42
  260,19631231,   22,   11,   36
  380,19630101,  -46,  -53,  -38
  380,19630102,  -35,  -60,  -15
  380,19630103,   -6,  -21,    4
  380,19630104,   20,    3,   33
  380,19630105,   11,  -12,   29
  380,19630106,   -5,  -29,    8
  380,19630107,  -31,  -40,  -25
  380,19630108,  -20,  -29,  -12
  380,19630109,  -65, -104,  -25
  380,19630110, -101, -124,  -79
  380,19630111, -104, -128,  -70
  380,19630112, -104, -126,  -77
  380,19630113,  -94, -146,  -47
  380,19630114,  -30,  -87,   16
  380,19630115,  -38,  -64,   -9
  380,19630116,  -52,  -88,   -9
  380,19630117, -107, -135,  -61
  380,19630118, -138, -180, -104
  380,19630119,  -89, -135,  -52
  380,19630120,  -61,  -86,  -31
  380,19630121,  -84, -111,  -49
  380,19630122,  -91, -137,  -53
  380,19630123,  -46,  -65,  -25
  380,19630124,  -38,  -50,   -4
  380,19630125,  -55, -103,  -27
  380,19630126,  -20,  -50,   11
  380,19630127,  -36,  -71,   -9
  380,19630128,  -31,  -95,   -1
  380,19630129,  -24,  -40,   -9
  380,19630130,  -65,  -98,  -40
  380,19630131, -103, -143,  -79
  380,19630201,  -80, -108,  -52
  380,19630202,  -90, -132,  -54
  380,19630203,  -63,  -87,  -41
  380,19630204,  -53,  -87,  -41
  380,19630205,  -53, -102,   -9
  380,19630206,  -77, -136,  -20
  380,19630207,   -4,  -65,   41
  380,19630208,   36,   19,   72
  380,19630209,   12,   -3,   28
  380,19630210,   -1,  -15,   20
  380,19630211,   11,    2,   32
  380,19630212,   -6,  -12,    2
  380,19630213,  -20,  -51,   -5
  380,19630214,  -16,  -54,   15
  380,19630215,  -24,  -82,    7
  380,19630216,    6,  -18,   24
  380,19630217,  -23,  -31,  -11
  380,19630218,  -24,  -35,  -10
  380,19630219,  -47,  -77,  -22
  380,19630220,  -48,  -81,  -26
  380,19630221,  -56, -105,  -29
  380,19630222,  -81, -144,  -31
  380,19630223,  -58,  -84,  -13
  380,19630224,  -84, -148,  -21
  380,19630225,  -70, -147,  -12
  380,19630226,  -39,  -90,   15
  380,19630227,  -23,  -66,   16
  380,19630228,  -26,  -75,   17
  380,19630301,  -20,  -75,   19
  380,19630302,   -7,  -62,   42
  380,19630303,   10,  -41,   67
  380,19630304,   36,  -23,  110
  380,19630305,   64,   13,  124
  380,19630306,   87,   58,  133
  380,19630307,   85,   63,  116
  380,19630308,   97,   45,  145
  380,19630309,   84,   59,  114
  380,19630310,   68,   48,  103
  380,19630311,   76,   37,  118
  380,19630312,   47,   23,   93
  380,19630313,   39,   18,   70
  380,19630314,   74,   40,  130
  380,19630315,   88,   37,  150
  380,19630316,   78,   52,  111
  380,19630317,   89,   46,  144
  380,19630318,   99,   77,  143
  380,19630319,   79,   59,  114
  380,19630320,   60,   31,  102
  380,19630321,   20,    3,   40
  380,19630322,    9,  -13,   33
  380,19630323,    6,  -37,   54
  380,19630324,   14,  -17,   51
  380,19630325,   48,    2,   85
  380,19630326,   52,   33,   67
  380,19630327,   61,   26,  111
  380,19630328,   55,   13,   94
  380,19630329,   55,   16,  110
  380,19630330,   58,   19,  106
  380,19630331,   34,   21,   46
  380,19630401,   25,   19,   34
  380,19630402,   45,   14,  102
  380,19630403,   54,   -1,  114
  380,19630404,   37,    1,   78
  380,19630405,   35,   -4,   66
  380,19630406,   87,   34,  144
  380,19630407,   87,   38,  141
  380,19630408,  112,   37,  187
  380,19630409,  114,   58,  162
  380,19630410,  113,   82,  136
  380,19630411,  119,   82,  164
  380,19630412,   88,   38,  114
  380,19630413,   61,   -5,  117
  380,19630414,   81,   20,  122
  380,19630415,  101,   83,  118
  380,19630416,  109,   83,  138
  380,19630417,  124,   84,  172
  380,19630418,  106,   63,  146
  380,19630419,  118,   35,  179
  380,19630420,  144,   63,  202
  380,19630421,  124,   99,  166
  380,19630422,  107,   64,  156
  380,19630423,  129,   64,  184
  380,19630424,  126,   85,  182
  380,19630425,   71,   60,   85
  380,19630426,   78,   47,  120
  380,19630427,   97,   19,  157
  380,19630428,  101,   86,  118
  380,19630429,  126,  106,  148
  380,19630430,  105,   60,  143
  380,19630501,   87,   48,  114
  380,19630502,   75,   33,  120
  380,19630503,   61,   27,  111
  380,19630504,   67,   31,  114
  380,19630505,  101,   42,  155
  380,19630506,   92,   48,  130
  380,19630507,  122,   34,  182
  380,19630508,  164,   71,  246
  380,19630509,  116,   87,  154
  380,19630510,   98,   46,  155
  380,19630511,   93,   76,  119
  380,19630512,  113,   46,  171
  380,19630513,  114,   81,  177
  380,19630514,  102,   73,  141
  380,19630515,   84,   62,  112
  380,19630516,  101,   61,  146
  380,19630517,  102,   56,  145
  380,19630518,  113,   58,  170
  380,19630519,   82,   50,  111
  380,19630520,  106,   50,  156
  380,19630521,  138,  110,  177
  380,19630522,  100,   88,  114
  380,19630523,  107,   82,  147
  380,19630524,  108,   77,  145
  380,19630525,  120,   55,  159
  380,19630526,  136,   84,  187
  380,19630527,  154,  127,  184
  380,19630528,  139,  119,  164
  380,19630529,  136,  110,  175
  380,19630530,  181,  110,  248
  380,19630531,  197,  128,  254
  380,19630601,  176,  123,  225
  380,19630602,  158,   96,  218
  380,19630603,  146,   88,  201
  380,19630604,  172,   85,  231
  380,19630605,  159,  115,  230
  380,19630606,  176,  128,  238
  380,19630607,  179,  119,  239
  380,19630608,  181,  118,  232
  380,19630609,  191,  134,  254
  380,19630610,  193,  131,  253
  380,19630611,  183,  121,  245
  380,19630612,  158,  111,  225
  380,19630613,  161,  112,  233
  380,19630614,  124,  106,  144
  380,19630615,  115,   85,  149
  380,19630616,  142,   89,  189
  380,19630617,  167,  139,  205
  380,19630618,  160,  118,  203
  380,19630619,  122,   94,  157
  380,19630620,  145,   94,  173
  380,19630621,  164,  153,  180
  380,19630622,  146,  116,  180
  380,19630623,  136,   99,  186
  380,19630624,  146,   82,  198
  380,19630625,  163,  117,  215
  380,19630626,  150,  122,  187
  380,19630627,  151,  120,  179
  380,19630628,  145,  121,  188
  380,19630629,  155,  115,  202
  380,19630630,  167,   98,  218
  380,19630701,  155,  127,  186
  380,19630702,  173,  109,  220
  380,19630703,  188,  115,  235
  380,19630704,  175,  147,  240
  380,19630705,  173,  137,  225
  380,19630706,  185,  129,  235
  380,19630707,  167,  118,  193
  380,19630708,  148,  101,  196
  380,19630709,  150,  108,  190
  380,19630710,  141,  112,  178
  380,19630711,  145,  124,  176
  380,19630712,  154,  108,  203
  380,19630713,  156,  100,  225
  380,19630714,  158,  101,  210
  380,19630715,  197,  138,  253
  380,19630716,  190,  144,  228
  380,19630717,  169,  130,  216
  380,19630718,  160,  106,  216
  380,19630719,  179,  117,  231
  380,19630720,  182,  155,  228
  380,19630721,  192,  124,  254
  380,19630722,  234,  167,  304
  380,19630723,  218,  183,  279
  380,19630724,  230,  181,  270
  380,19630725,  160,  110,  208
  380,19630726,  140,   89,  195
  380,19630727,  141,   83,  196
  380,19630728,  157,   90,  217
  380,19630729,  179,  101,  243
  380,19630730,  187,  111,  258
  380,19630731,  161,  103,  225
  380,19630801,  182,   98,  264
  380,19630802,  225,  134,  311
  380,19630803,  230,  176,  283
  380,19630804,  183,  138,  230
  380,19630805,  190,  153,  236
  380,19630806,  206,  136,  268
  380,19630807,  177,  152,  222
  380,19630808,  152,  106,  185
  380,19630809,  137,  113,  173
  380,19630810,  155,  102,  197
  380,19630811,  160,  124,  198
  380,19630812,  148,  102,  199
  380,19630813,  151,  118,  194
  380,19630814,  155,  110,  191
  380,19630815,  144,  108,  190
  380,19630816,  149,   97,  209
  380,19630817,  137,  104,  167
  380,19630818,  113,   91,  143
  380,19630819,  139,  114,  175
  380,19630820,  131,  103,  199
  380,19630821,  126,   99,  160
  380,19630822,  139,  117,  157
  380,19630823,  147,  119,  180
  380,19630824,  147,  105,  203
  380,19630825,  162,  120,  193
  380,19630826,  179,  141,  195
  380,19630827,  138,  116,  181
  380,19630828,  126,  106,  172
  380,19630829,  130,   80,  191
  380,19630830,  138,   67,  198
  380,19630831,  146,  130,  177
  380,19630901,  164,  108,  218
  380,19630902,  152,  126,  188
  380,19630903,  135,  105,  172
  380,19630904,  136,  105,  165
  380,19630905,  132,  109,  178
  380,19630906,  122,  108,  161
  380,19630907,  120,   85,  170
  380,19630908,  134,   85,  179
  380,19630909,  130,  100,  178
  380,19630910,  139,   81,  194
  380,19630911,  162,  109,  215
  380,19630912,  154,  126,  193
  380,19630913,  129,  113,  157
  380,19630914,  136,  104,  196
  380,19630915,  134,   85,  213
  380,19630916,  173,   88,  253
  380,19630917,  193,  144,  265
  380,19630918,  181,  148,  235
  380,19630919,  148,  122,  172
  380,19630920,  145,   98,  183
  380,19630921,  153,  125,  196
  380,19630922,  167,  138,  209
  380,19630923,  177,  119,  233
  380,19630924,  174,  139,  201
  380,19630925,  100,   67,  139
  380,19630926,  122,   67,  163
  380,19630927,  123,   81,  163
  380,19630928,   87,   62,  133
  380,19630929,  115,   83,  135
  380,19630930,  121,  105,  134
  380,19631001,  105,   77,  133
  380,19631002,   98,   68,  135
  380,19631003,  103,   53,  141
  380,19631004,  108,   61,  157
  380,19631005,   85,   47,  120
  380,19631006,   96,   62,  132
  380,19631007,   99,   63,  132
  380,19631008,  107,   40,  162
  380,19631009,  115,   70,  159
  380,19631010,   96,   58,  121
  380,19631011,  115,   98,  130
  380,19631012,  133,  100,  189
  380,19631013,  114,   75,  149
  380,19631014,   83,   58,  122
  380,19631015,   76,   28,  132
  380,19631016,   88,   59,  146
  380,19631017,  111,   70,  135
  380,19631018,  114,   81,  143
  380,19631019,  115,   81,  162
  380,19631020,  159,  115,  211
  380,19631021,  139,   88,  188
  380,19631022,  122,   47,  157
  380,19631023,  102,   28,  170
  380,19631024,  127,  111,  138
  380,19631025,   99,   51,  142
  380,19631026,   77,   29,  145
  380,19631027,   36,   -9,   67
  380,19631028,   46,   22,   99
  380,19631029,   37,   22,   53
  380,19631030,   37,   -3,  105
  380,19631031,   90,   23,  135
  380,19631101,   96,   82,  125
  380,19631102,  109,   78,  159
  380,19631103,  101,   59,  156
  380,19631104,   98,   49,  146
  380,19631105,  142,  100,  196
  380,19631106,  117,   90,  148
  380,19631107,   88,   68,  110
  380,19631108,   99,   77,  123
  380,19631109,   99,   74,  129
  380,19631110,  124,   71,  157
  380,19631111,  121,  103,  143
  380,19631112,  110,   88,  129
  380,19631113,   80,   58,  115
  380,19631114,   53,   27,   94
  380,19631115,   82,   22,  157
  380,19631116,   80,   56,  104
  380,19631117,   72,   34,  102
  380,19631118,  124,   91,  142
  380,19631119,  140,  118,  157
  380,19631120,   84,   35,  144
  380,19631121,   48,    5,   86
  380,19631122,   84,   47,  107
  380,19631123,   79,   37,  106
  380,19631124,   98,   77,  120
  380,19631125,   93,   66,  128
  380,19631126,   66,   35,   92
  380,19631127,   29,    2,   47
  380,19631128,   44,   36,   56
  380,19631129,   47,   38,   54
  380,19631130,   55,   22,   73
  380,19631201,   49,   22,   89
  380,19631202,   22,    5,   46
  380,19631203,   11,  -15,   43
  380,19631204,   -6,  -28,   34
  380,19631205,    0,  -29,   21
  380,19631206,   -4,  -34,   18
  380,19631207,  -23,  -49,   14
  380,19631208,  -19,  -38,   15
  380,19631209,  -37,  -75,    8
  380,19631210,  -30,  -41,  -20
  380,19631211,   -3,  -29,   27
  380,19631212,  -11,  -18,   -5
  380,19631213,  -12,  -34,    8
  380,19631214,  -59, -116,  -31
  380,19631215,  -88, -134,  -40
  380,19631216,  -34,  -42,  -27
  380,19631217,  -17,  -34,   -8
  380,19631218,  -15,  -19,  -11
  380,19631219,  -14,  -30,   -4
  380,19631220,  -45,  -68,  -30
  380,19631221,  -52,  -96,  -22
  380,19631222,  -40,  -97,    6
  380,19631223,  -85, -133,  -53
  380,19631224,  -67, -105,  -29
  380,19631225,   -6,  -77,   47
  380,19631226,   52,   27,   95
  380,19631227,   22,   -7,   43
  380,19631228,   34,  -10,   59
  380,19631229,   16,  -26,   67
  380,19631230,   29,    5,   42
  380,19631231,    5,  -14,   23
