# BRON: KONINKLIJK NEDERLANDS METEOROLOGISCH INSTITUUT (KNMI)
# Opmerking: door stationsverplaatsingen en veranderingen in waarneemmethodieken zijn deze tijdreeksen van dagwaarden mogelijk inhomogeen! Dat betekent dat deze reeks van gemeten waarden niet geschikt is voor trendanalyse. Voor studies naar klimaatverandering verwijzen we naar de gehomogeniseerde reeks maandtemperaturen van De Bilt <http://www.knmi.nl/kennis-en-datacentrum/achtergrond/gehomogeniseerde-reeks-maandtemperaturen-de-bilt> of de Centraal Nederland Temperatuur <http://www.knmi.nl/kennis-en-datacentrum/achtergrond/centraal-nederland-temperatuur-cnt>.
# 
# 
# STN      LON(east)   LAT(north)     ALT(m)  NAME
,260,         5.180,       52.100,       1.90,  DE BILT
,380,         5.762,       50.906,     114.30,  MAASTRICHT
# 
# YYYYMMDD = Datum (YYYY=jaar MM=maand DD=dag); 
# TG       = Etmaalgemiddelde temperatuur (in 0.1 graden Celsius); 
# TN       = Minimum temperatuur (in 0.1 graden Celsius); 
# TX       = Maximum temperatuur (in 0.1 graden Celsius); 
# 
# STN,YYYYMMDD,   TG,   TN,   TX
# 
  260,20160101,   41,   -2,   75
  260,20160102,   54,   46,   63
  260,20160103,   69,   52,   82
  260,20160104,   57,   38,   70
  260,20160105,   68,   47,   77
  260,20160106,   26,   16,   47
  260,20160107,   61,   35,   79
  260,20160108,   54,   14,   83
  260,20160109,   56,   10,   79
  260,20160110,   69,   50,   90
  260,20160111,   48,   21,   67
  260,20160112,   58,   47,   72
  260,20160113,   50,   24,   70
  260,20160114,   35,   16,   53
  260,20160115,   24,  -12,   40
  260,20160116,   27,  -16,   56
  260,20160117,  -10,  -56,   30
  260,20160118,  -33,  -67,    0
  260,20160119,  -25,  -80,    7
  260,20160120,   12,  -37,   53
  260,20160121,  -12,  -43,   15
  260,20160122,    9,  -22,   57
  260,20160123,   66,   28,   90
  260,20160124,   77,   50,  104
  260,20160125,  107,   74,  146
  260,20160126,   92,   66,  111
  260,20160127,  109,   86,  124
  260,20160128,   67,   49,   90
  260,20160129,   85,   53,  100
  260,20160130,   74,   51,   99
  260,20160131,   68,   36,  108
  260,20160201,  115,  106,  119
  260,20160202,   89,   65,  114
  260,20160203,   50,   31,   70
  260,20160204,   51,   29,   77
  260,20160205,   87,   50,  109
  260,20160206,   94,   83,  106
  260,20160207,   85,   66,  111
  260,20160208,   85,   70,   99
  260,20160209,   53,   33,   82
  260,20160210,   48,   18,   83
  260,20160211,   38,  -16,   83
  260,20160212,   27,  -17,   66
  260,20160213,   18,  -20,   44
  260,20160214,   14,    5,   26
  260,20160215,   23,  -31,   56
  260,20160216,   -3,  -50,   61
  260,20160217,  -13,  -52,   35
  260,20160218,   13,  -23,   31
  260,20160219,   39,   12,   83
  260,20160220,   82,   50,  111
  260,20160221,  104,   86,  116
  260,20160222,   68,   44,  113
  260,20160223,   43,    8,   79
  260,20160224,   23,  -14,   65
  260,20160225,   18,  -10,   54
  260,20160226,   21,   -7,   55
  260,20160227,   22,  -16,   63
  260,20160228,   22,  -17,   66
  260,20160229,   13,  -43,   67
  260,20160301,   20,  -54,   86
  260,20160302,   53,   27,   90
  260,20160303,   39,   -4,   84
  260,20160304,   10,  -25,   32
  260,20160305,    5,  -45,   64
  260,20160306,   30,    7,   73
  260,20160307,   25,   -8,   78
  260,20160308,   36,  -22,   83
  260,20160309,   44,   14,   81
  260,20160310,   41,  -12,   92
  260,20160311,   32,  -15,   85
  260,20160312,   31,  -27,  101
  260,20160313,   39,  -16,   99
  260,20160314,   41,  -20,  104
  260,20160315,   46,   -6,   83
  260,20160316,   44,   -2,   90
  260,20160317,   57,    0,  120
  260,20160318,   52,   24,   68
  260,20160319,   62,   51,   75
  260,20160320,   68,   42,   96
  260,20160321,   72,   58,   93
  260,20160322,   76,   46,  101
  260,20160323,   76,   62,  101
  260,20160324,   79,   66,   99
  260,20160325,   65,    0,   96
  260,20160326,   95,    6,  149
  260,20160327,   91,   55,  133
  260,20160328,   97,   75,  129
  260,20160329,   78,   55,  112
  260,20160330,   81,   43,  117
  260,20160331,   76,   31,  116
  260,20160401,   72,   12,  130
  260,20160402,  101,   37,  134
  260,20160403,  152,  121,  204
  260,20160404,  124,   75,  158
  260,20160405,  106,   80,  133
  260,20160406,   89,   68,  117
  260,20160407,   73,   53,  104
  260,20160408,   67,   16,  115
  260,20160409,   92,   10,  149
  260,20160410,  107,   52,  157
  260,20160411,  132,   73,  182
  260,20160412,  116,   50,  167
  260,20160413,   90,   36,  158
  260,20160414,  106,   29,  167
  260,20160415,  103,   89,  141
  260,20160416,   86,   54,  118
  260,20160417,   62,   10,  106
  260,20160418,   81,   -1,  130
  260,20160419,   97,   40,  136
  260,20160420,   86,   30,  138
  260,20160421,  101,   27,  166
  260,20160422,   87,   57,  125
  260,20160423,   62,   30,   93
  260,20160424,   46,   21,   88
  260,20160425,   49,   17,   80
  260,20160426,   48,   13,   77
  260,20160427,   60,   32,  107
  260,20160428,   58,    7,   93
  260,20160429,   74,   46,  106
  260,20160430,   77,   28,  112
  260,20160501,   79,   -1,  141
  260,20160502,  115,   16,  179
  260,20160503,   97,   30,  140
  260,20160504,   95,   17,  160
  260,20160505,  128,   29,  188
  260,20160506,  164,   81,  236
  260,20160507,  195,   94,  258
  260,20160508,  201,  127,  252
  260,20160509,  202,  142,  253
  260,20160510,  189,  154,  221
  260,20160511,  204,  141,  255
  260,20160512,  202,  144,  251
  260,20160513,  154,   97,  222
  260,20160514,   89,   64,  121
  260,20160515,   86,   53,  121
  260,20160516,   93,   40,  136
  260,20160517,  123,   50,  181
  260,20160518,  136,   83,  187
  260,20160519,  134,  104,  173
  260,20160520,  137,  107,  186
  260,20160521,  179,  107,  234
  260,20160522,  155,  129,  190
  260,20160523,  120,  105,  133
  260,20160524,  114,   98,  146
  260,20160525,  118,   77,  145
  260,20160526,  137,   56,  193
  260,20160527,  160,  106,  209
  260,20160528,  176,  112,  227
  260,20160529,  172,  140,  205
  260,20160530,  162,  153,  180
  260,20160531,  182,  131,  226
  260,20160601,  192,  154,  243
  260,20160602,  153,  137,  172
  260,20160603,  164,  137,  214
  260,20160604,  201,  141,  275
  260,20160605,  200,  137,  256
  260,20160606,  189,  117,  256
  260,20160607,  201,  153,  265
  260,20160608,  161,  127,  216
  260,20160609,  153,  110,  203
  260,20160610,  164,  108,  212
  260,20160611,  162,  120,  208
  260,20160612,  166,  135,  211
  260,20160613,  159,  146,  190
  260,20160614,  152,  111,  191
  260,20160615,  146,  113,  187
  260,20160616,  157,   92,  211
  260,20160617,  151,  111,  195
  260,20160618,  141,   99,  171
  260,20160619,  153,  121,  189
  260,20160620,  155,  141,  168
  260,20160621,  170,  134,  201
  260,20160622,  201,  147,  249
  260,20160623,  220,  182,  284
  260,20160624,  192,  133,  227
  260,20160625,  154,  109,  193
  260,20160626,  149,  121,  183
  260,20160627,  149,  109,  189
  260,20160628,  167,   92,  218
  260,20160629,  160,  132,  202
  260,20160630,  164,  144,  192
  260,20160701,  169,  143,  198
  260,20160702,  154,  120,  187
  260,20160703,  147,   99,  198
  260,20160704,  170,   86,  228
  260,20160705,  154,  115,  181
  260,20160706,  149,   94,  194
  260,20160707,  168,   83,  221
  260,20160708,  175,  151,  212
  260,20160709,  197,  146,  236
  260,20160710,  213,  159,  274
  260,20160711,  186,  162,  217
  260,20160712,  166,  125,  203
  260,20160713,  145,  111,  183
  260,20160714,  145,   87,  192
  260,20160715,  166,   91,  213
  260,20160716,  197,  169,  226
  260,20160717,  198,  145,  238
  260,20160718,  202,  132,  265
  260,20160719,  228,  120,  295
  260,20160720,  254,  188,  329
  260,20160721,  218,  164,  274
  260,20160722,  211,  168,  261
  260,20160723,  211,  176,  253
  260,20160724,  207,  155,  255
  260,20160725,  182,  126,  224
  260,20160726,  184,  114,  234
  260,20160727,  179,  160,  213
  260,20160728,  190,  154,  235
  260,20160729,  183,  154,  212
  260,20160730,  177,  160,  209
  260,20160731,  170,  129,  205
  260,20160801,  165,  131,  210
  260,20160802,  166,  136,  186
  260,20160803,  190,  164,  217
  260,20160804,  173,  150,  208
  260,20160805,  176,  129,  216
  260,20160806,  164,  105,  224
  260,20160807,  184,  105,  228
  260,20160808,  172,  125,  205
  260,20160809,  144,  103,  185
  260,20160810,  128,   69,  168
  260,20160811,  136,   67,  163
  260,20160812,  189,  163,  226
  260,20160813,  176,  143,  215
  260,20160814,  170,   96,  217
  260,20160815,  161,   82,  217
  260,20160816,  163,  114,  210
  260,20160817,  172,  100,  234
  260,20160818,  177,   97,  242
  260,20160819,  181,   98,  243
  260,20160820,  178,  148,  229
  260,20160821,  167,  147,  198
  260,20160822,  180,  142,  227
  260,20160823,  210,  140,  269
  260,20160824,  228,  170,  302
  260,20160825,  243,  172,  310
  260,20160826,  221,  176,  262
  260,20160827,  216,  161,  265
  260,20160828,  205,  177,  246
  260,20160829,  172,  100,  214
  260,20160830,  162,   85,  238
  260,20160831,  174,   86,  254
  260,20160901,  172,  102,  229
  260,20160902,  166,   97,  217
  260,20160903,  185,  144,  229
  260,20160904,  179,  157,  213
  260,20160905,  173,  115,  228
  260,20160906,  177,  113,  242
  260,20160907,  183,  114,  268
  260,20160908,  196,  116,  276
  260,20160909,  169,  117,  229
  260,20160910,  184,  113,  257
  260,20160911,  185,  148,  217
  260,20160912,  209,  150,  281
  260,20160913,  235,  152,  312
  260,20160914,  230,  153,  314
  260,20160915,  226,  165,  290
  260,20160916,  174,  155,  212
  260,20160917,  173,  137,  216
  260,20160918,  167,  142,  207
  260,20160919,  144,   95,  198
  260,20160920,  145,   79,  200
  260,20160921,  147,   83,  207
  260,20160922,  138,   69,  213
  260,20160923,  136,   73,  203
  260,20160924,  152,   83,  236
  260,20160925,  163,  121,  243
  260,20160926,  135,   76,  191
  260,20160927,  145,   56,  204
  260,20160928,  187,  162,  216
  260,20160929,  159,  138,  177
  260,20160930,  145,  108,  187
  260,20161001,  135,   99,  176
  260,20161002,  121,   88,  157
  260,20161003,  145,  111,  190
  260,20161004,  130,   99,  173
  260,20161005,   98,   54,  141
  260,20161006,   94,   39,  127
  260,20161007,  118,  100,  145
  260,20161008,  110,   65,  142
  260,20161009,   79,   13,  145
  260,20161010,   79,   19,  135
  260,20161011,   80,    3,  131
  260,20161012,   89,   68,  110
  260,20161013,   91,   77,  114
  260,20161014,   99,   73,  134
  260,20161015,  107,   89,  137
  260,20161016,  133,   82,  188
  260,20161017,  121,   82,  163
  260,20161018,  102,   75,  128
  260,20161019,   88,   44,  120
  260,20161020,   85,   27,  120
  260,20161021,   76,   15,  127
  260,20161022,   67,   10,  104
  260,20161023,   48,   -7,  116
  260,20161024,   71,   41,   95
  260,20161025,   87,   79,  101
  260,20161026,   95,   40,  126
  260,20161027,  118,  104,  138
  260,20161028,  131,  103,  148
  260,20161029,   96,   52,  154
  260,20161030,   87,   41,  153
  260,20161031,   85,   29,  162
  260,20161101,   81,   40,  138
  260,20161102,   72,   22,  117
  260,20161103,   67,    8,  120
  260,20161104,   76,   63,   97
  260,20161105,   69,   49,  108
  260,20161106,   61,   24,   93
  260,20161107,   42,   -1,   57
  260,20161108,   19,  -29,   56
  260,20161109,   30,    5,   43
  260,20161110,   40,   31,   52
  260,20161111,   18,  -31,   58
  260,20161112,   20,  -33,   50
  260,20161113,   27,  -10,   47
  260,20161114,   31,  -23,   69
  260,20161115,  108,   69,  129
  260,20161116,  119,   93,  142
  260,20161117,   93,   76,  115
  260,20161118,   60,   32,   82
  260,20161119,   58,   40,   81
  260,20161120,   84,   48,  125
  260,20161121,  120,   81,  139
  260,20161122,  110,   65,  142
  260,20161123,   79,   37,  111
  260,20161124,   66,   30,   87
  260,20161125,   33,   -6,   84
  260,20161126,   -1,  -26,   36
  260,20161127,   56,  -10,   94
  260,20161128,   -3,  -41,   42
  260,20161129,  -31,  -70,   43
  260,20161130,   20,  -70,   68
  260,20161201,   79,   51,   94
  260,20161202,   52,  -25,   94
  260,20161203,   -1,  -43,   81
  260,20161204,  -14,  -50,   40
  260,20161205,  -27,  -69,   41
  260,20161206,    1,  -53,   54
  260,20161207,   63,   18,   95
  260,20161208,   82,   64,   96
  260,20161209,   91,   74,  104
  260,20161210,   78,   66,   92
  260,20161211,   85,   69,   96
  260,20161212,   53,    8,   76
  260,20161213,   66,   53,   75
  260,20161214,   73,   48,   91
  260,20161215,   65,   52,   79
  260,20161216,   54,   27,   75
  260,20161217,   61,   32,   85
  260,20161218,   62,   26,   91
  260,20161219,   43,   -2,   75
  260,20161220,   -6,  -27,   10
  260,20161221,   41,    0,   71
  260,20161222,   59,   48,   69
  260,20161223,   60,   43,   80
  260,20161224,   79,   61,   97
  260,20161225,  104,   81,  117
  260,20161226,   83,   61,  118
  260,20161227,   66,   30,   93
  260,20161228,   10,  -31,   43
  260,20161229,  -22,  -40,   -8
  260,20161230,  -11,  -40,   15
  260,20161231,   18,    8,   33
  380,20160101,   60,   36,   87
  380,20160102,   74,   48,   95
  380,20160103,   66,   44,   88
  380,20160104,   63,   39,   76
  380,20160105,   67,   43,   80
  380,20160106,   64,   48,   78
  380,20160107,   60,   41,   81
  380,20160108,   43,   24,   79
  380,20160109,   58,   24,   81
  380,20160110,   68,   41,   91
  380,20160111,   55,   32,   78
  380,20160112,   56,   44,   75
  380,20160113,   43,   16,   56
  380,20160114,   29,   13,   49
  380,20160115,   17,    6,   22
  380,20160116,   18,   -1,   50
  380,20160117,  -12,  -43,    9
  380,20160118,  -36,  -54,   -4
  380,20160119,  -38,  -80,    4
  380,20160120,   -5,  -28,   10
  380,20160121,    4,  -23,   43
  380,20160122,   17,  -22,   45
  380,20160123,   59,   40,   78
  380,20160124,   68,   36,   85
  380,20160125,  108,   73,  162
  380,20160126,   96,   86,  108
  380,20160127,  100,   85,  110
  380,20160128,   57,   15,   97
  380,20160129,   68,   20,   91
  380,20160130,   62,   25,   89
  380,20160131,   70,   34,  116
  380,20160201,  108,   99,  116
  380,20160202,   80,   50,  109
  380,20160203,   45,   30,   69
  380,20160204,   47,   23,   79
  380,20160205,   82,   22,  101
  380,20160206,   95,   74,  111
  380,20160207,   83,   60,  112
  380,20160208,   82,   66,  101
  380,20160209,   55,   22,  107
  380,20160210,   37,   24,   51
  380,20160211,   42,   21,   69
  380,20160212,   28,  -24,   57
  380,20160213,   14,  -26,   42
  380,20160214,   18,    1,   29
  380,20160215,    9,  -29,   44
  380,20160216,   -8,  -44,   34
  380,20160217,    0,  -59,   43
  380,20160218,   22,   -6,   55
  380,20160219,   33,    2,   77
  380,20160220,   79,   45,  109
  380,20160221,  107,   98,  120
  380,20160222,   71,   29,  106
  380,20160223,   32,    2,   80
  380,20160224,   23,  -15,   64
  380,20160225,    8,  -34,   60
  380,20160226,   23,  -11,   53
  380,20160227,   26,   -3,   72
  380,20160228,   17,  -19,   56
  380,20160229,   15,  -26,   68
  380,20160301,   14,  -49,   59
  380,20160302,   56,   26,   95
  380,20160303,   31,   10,   70
  380,20160304,   31,   -4,   51
  380,20160305,   22,   -4,   47
  380,20160306,   21,   -4,   53
  380,20160307,   18,  -25,   49
  380,20160308,   18,  -32,   55
  380,20160309,   42,    6,   84
  380,20160310,   38,  -25,   95
  380,20160311,   42,  -12,   98
  380,20160312,   27,  -27,   86
  380,20160313,   36,  -17,   97
  380,20160314,   29,  -15,   83
  380,20160315,   32,  -20,   78
  380,20160316,   42,    2,   88
  380,20160317,   46,  -12,  106
  380,20160318,   23,  -14,   47
  380,20160319,   48,   37,   61
  380,20160320,   60,   41,   88
  380,20160321,   69,   50,   97
  380,20160322,   70,   29,  113
  380,20160323,   72,   53,  104
  380,20160324,   75,   59,   93
  380,20160325,   67,   29,   96
  380,20160326,   95,   12,  154
  380,20160327,  100,   68,  136
  380,20160328,   94,   49,  133
  380,20160329,   82,   53,  111
  380,20160330,   92,   61,  122
  380,20160331,   63,   51,   77
  380,20160401,   79,   21,  125
  380,20160402,  112,   73,  143
  380,20160403,  159,  119,  203
  380,20160404,  132,  106,  168
  380,20160405,  103,   62,  136
  380,20160406,   91,   60,  136
  380,20160407,   69,   39,  119
  380,20160408,   73,   38,  112
  380,20160409,   95,   18,  155
  380,20160410,  111,   62,  173
  380,20160411,  140,   65,  211
  380,20160412,  109,   61,  181
  380,20160413,   89,   45,  125
  380,20160414,  106,   37,  170
  380,20160415,  117,   91,  166
  380,20160416,   91,   43,  140
  380,20160417,   60,   18,  103
  380,20160418,   76,    2,  130
  380,20160419,   90,   28,  145
  380,20160420,   83,   18,  143
  380,20160421,  117,   20,  194
  380,20160422,  105,   75,  148
  380,20160423,   57,    8,   95
  380,20160424,   37,    0,   76
  380,20160425,   40,    3,   74
  380,20160426,   30,   10,   58
  380,20160427,   42,    8,   77
  380,20160428,   51,    0,  113
  380,20160429,   70,   36,  112
  380,20160430,   67,   47,   92
  380,20160501,   83,   44,  132
  380,20160502,  116,   22,  185
  380,20160503,  104,   46,  147
  380,20160504,   97,   18,  150
  380,20160505,  134,   55,  196
  380,20160506,  177,   86,  244
  380,20160507,  203,  134,  255
  380,20160508,  201,  146,  247
  380,20160509,  197,  140,  247
  380,20160510,  172,  146,  200
  380,20160511,  193,  129,  244
  380,20160512,  179,  133,  235
  380,20160513,  169,   99,  226
  380,20160514,   88,   54,  130
  380,20160515,   85,   51,  129
  380,20160516,   94,   63,  129
  380,20160517,  129,   74,  181
  380,20160518,  140,  100,  191
  380,20160519,  132,   86,  189
  380,20160520,  138,   94,  177
  380,20160521,  189,  132,  241
  380,20160522,  165,  135,  200
  380,20160523,  110,   96,  140
  380,20160524,  110,   88,  136
  380,20160525,  119,   78,  168
  380,20160526,  163,   83,  219
  380,20160527,  168,  122,  228
  380,20160528,  171,  109,  235
  380,20160529,  163,  130,  186
  380,20160530,  157,  149,  166
  380,20160531,  164,  144,  204
  380,20160601,  153,  131,  162
  380,20160602,  176,  142,  236
  380,20160603,  161,  134,  210
  380,20160604,  158,  134,  191
  380,20160605,  189,  149,  264
  380,20160606,  199,  144,  261
  380,20160607,  193,  148,  266
  380,20160608,  182,  127,  237
  380,20160609,  160,  114,  213
  380,20160610,  164,   93,  217
  380,20160611,  172,  139,  225
  380,20160612,  162,  145,  221
  380,20160613,  152,  136,  198
  380,20160614,  153,  127,  207
  380,20160615,  137,  103,  186
  380,20160616,  137,   89,  190
  380,20160617,  145,  121,  189
  380,20160618,  137,  118,  179
  380,20160619,  144,  111,  193
  380,20160620,  156,  119,  198
  380,20160621,  176,  144,  212
  380,20160622,  209,  155,  253
  380,20160623,  251,  169,  322
  380,20160624,  204,  170,  242
  380,20160625,  152,  112,  176
  380,20160626,  146,  104,  191
  380,20160627,  149,  120,  194
  380,20160628,  174,  131,  215
  380,20160629,  168,  134,  208
  380,20160630,  172,  146,  203
  380,20160701,  181,  147,  215
  380,20160702,  145,  116,  178
  380,20160703,  153,  116,  194
  380,20160704,  175,  119,  225
  380,20160705,  164,   99,  210
  380,20160706,  157,   95,  209
  380,20160707,  177,  108,  227
  380,20160708,  202,  156,  244
  380,20160709,  203,  165,  250
  380,20160710,  236,  184,  298
  380,20160711,  195,  165,  236
  380,20160712,  161,  121,  215
  380,20160713,  133,   99,  189
  380,20160714,  142,   89,  191
  380,20160715,  158,   87,  212
  380,20160716,  186,  149,  240
  380,20160717,  205,  163,  250
  380,20160718,  222,  148,  289
  380,20160719,  246,  160,  308
  380,20160720,  266,  209,  339
  380,20160721,  234,  195,  279
  380,20160722,  218,  181,  266
  380,20160723,  208,  181,  258
  380,20160724,  212,  172,  265
  380,20160725,  205,  156,  252
  380,20160726,  192,  156,  231
  380,20160727,  185,  131,  229
  380,20160728,  193,  155,  238
  380,20160729,  189,  150,  239
  380,20160730,  183,  147,  235
  380,20160731,  166,  109,  211
  380,20160801,  169,  105,  228
  380,20160802,  160,  133,  179
  380,20160803,  181,  171,  194
  380,20160804,  170,  139,  202
  380,20160805,  164,  122,  218
  380,20160806,  170,  119,  224
  380,20160807,  199,  116,  249
  380,20160808,  171,  135,  216
  380,20160809,  139,  100,  195
  380,20160810,  123,   80,  164
  380,20160811,  127,   73,  170
  380,20160812,  180,  144,  227
  380,20160813,  186,  138,  238
  380,20160814,  182,  130,  231
  380,20160815,  176,  134,  227
  380,20160816,  174,  109,  239
  380,20160817,  187,  119,  256
  380,20160818,  184,  104,  250
  380,20160819,  191,  128,  247
  380,20160820,  185,  142,  235
  380,20160821,  158,  133,  196
  380,20160822,  179,  136,  237
  380,20160823,  222,  153,  287
  380,20160824,  246,  152,  321
  380,20160825,  256,  173,  333
  380,20160826,  248,  195,  310
  380,20160827,  244,  174,  323
  380,20160828,  217,  152,  271
  380,20160829,  177,  142,  209
  380,20160830,  173,  110,  238
  380,20160831,  189,  119,  257
  380,20160901,  176,  127,  229
  380,20160902,  182,  126,  233
  380,20160903,  189,  132,  245
  380,20160904,  178,  150,  215
  380,20160905,  176,  140,  225
  380,20160906,  191,  119,  260
  380,20160907,  202,  130,  266
  380,20160908,  208,  138,  276
  380,20160909,  171,  124,  234
  380,20160910,  187,  109,  261
  380,20160911,  202,  154,  258
  380,20160912,  229,  150,  295
  380,20160913,  255,  190,  327
  380,20160914,  246,  175,  322
  380,20160915,  211,  145,  285
  380,20160916,  176,  143,  224
  380,20160917,  172,  125,  221
  380,20160918,  158,  134,  180
  380,20160919,  154,  126,  198
  380,20160920,  148,   97,  188
  380,20160921,  162,  115,  211
  380,20160922,  153,   88,  216
  380,20160923,  157,  116,  222
  380,20160924,  172,  100,  246
  380,20160925,  180,  123,  266
  380,20160926,  133,   81,  194
  380,20160927,  147,   72,  225
  380,20160928,  177,  131,  225
  380,20160929,  172,  136,  218
  380,20160930,  146,  118,  183
  380,20161001,  137,   95,  192
  380,20161002,  114,   94,  154
  380,20161003,  129,   97,  178
  380,20161004,  116,   83,  156
  380,20161005,   91,   42,  146
  380,20161006,   80,   21,  117
  380,20161007,  111,   94,  146
  380,20161008,  100,   47,  145
  380,20161009,   78,   32,  135
  380,20161010,   77,   27,  131
  380,20161011,   69,   15,  126
  380,20161012,   81,   52,   94
  380,20161013,   83,   29,  129
  380,20161014,   98,   72,  122
  380,20161015,  114,   86,  159
  380,20161016,  149,   84,  208
  380,20161017,  123,   94,  158
  380,20161018,  105,   74,  146
  380,20161019,   85,   71,  113
  380,20161020,   87,   67,  113
  380,20161021,   71,   55,   91
  380,20161022,   73,   21,  110
  380,20161023,   42,  -14,   82
  380,20161024,   92,   65,  114
  380,20161025,   93,   84,  103
  380,20161026,   82,   57,  125
  380,20161027,  105,   71,  137
  380,20161028,  121,  111,  131
  380,20161029,  113,   66,  158
  380,20161030,   97,   51,  153
  380,20161031,   97,   41,  157
  380,20161101,   98,   52,  149
  380,20161102,   73,   49,  105
  380,20161103,   65,   44,  104
  380,20161104,   71,   46,  103
  380,20161105,   73,   57,  106
  380,20161106,   54,   37,   78
  380,20161107,   43,   26,   55
  380,20161108,   30,    7,   65
  380,20161109,   36,   19,   57
  380,20161110,   60,   28,   79
  380,20161111,   31,    3,   54
  380,20161112,   34,   -7,   63
  380,20161113,   41,   32,   58
  380,20161114,   28,  -11,   51
  380,20161115,   75,   45,  102
  380,20161116,  113,  100,  123
  380,20161117,  105,   86,  121
  380,20161118,   72,   37,  119
  380,20161119,   60,   47,   80
  380,20161120,  104,   54,  140
  380,20161121,  131,  117,  144
  380,20161122,  108,   78,  128
  380,20161123,   97,   85,  127
  380,20161124,   80,   45,  107
  380,20161125,   42,   12,   79
  380,20161126,   46,   12,   69
  380,20161127,   43,    0,   75
  380,20161128,    4,  -22,   32
  380,20161129,  -17,  -53,   25
  380,20161130,    0,  -57,   41
  380,20161201,   37,   15,   56
  380,20161202,   59,   12,   86
  380,20161203,   -1,  -34,   44
  380,20161204,   -6,  -34,   31
  380,20161205,    6,  -41,   69
  380,20161206,   30,  -19,   93
  380,20161207,   68,   25,  102
  380,20161208,   68,   48,   90
  380,20161209,   89,   69,  127
  380,20161210,   79,   47,  101
  380,20161211,   76,   68,  103
  380,20161212,   61,   28,   76
  380,20161213,   67,   42,   81
  380,20161214,   78,   32,  120
  380,20161215,   48,   11,   91
  380,20161216,   48,    8,   83
  380,20161217,   43,   14,   60
  380,20161218,   59,   51,   67
  380,20161219,   39,  -13,   69
  380,20161220,    1,  -32,   39
  380,20161221,   37,   -1,   67
  380,20161222,   56,   49,   65
  380,20161223,   55,   39,   77
  380,20161224,   72,   60,   79
  380,20161225,   86,   75,   97
  380,20161226,   67,   21,  105
  380,20161227,   30,    2,   74
  380,20161228,   17,  -27,   41
  380,20161229,  -18,  -58,   34
  380,20161230,   -5,  -50,   52
  380,20161231,  -24,  -51,   18
